
TWO-STATE MO OVERLAP INTEGRALS

      1          1                   1.000000001
      1          2                   0.000000000
      1          3                   0.000000000
      1          4                  -0.000000000
      1          5                   0.000000000
      1          6                   0.000000000
      1          7                  -0.000000000
      1          8                  -0.000000000
      1          9                  -0.000000000
      1         10                   0.000000000
      1         11                  -0.000000000
      1         12                  -0.000000000
      2          1                   0.000000000
      2          2                   1.000000000
      2          3                  -0.000000000
      2          4                   0.000000000
      2          5                   0.000000000
      2          6                   0.000000000
      2          7                   0.000000000
      2          8                  -0.000000000
      2          9                  -0.000000000
      2         10                   0.000000000
      2         11                  -0.000000000
      2         12                  -0.000000000
      3          1                   0.000000000
      3          2                  -0.000000000
      3          3                   1.000000000
      3          4                   0.000000000
      3          5                   0.000000000
      3          6                   0.000000000
      3          7                   0.000000000
      3          8                  -0.000000000
      3          9                  -0.000000000
      3         10                   0.000000000
      3         11                  -0.000000000
      3         12                  -0.000000000
      4          1                  -0.000000000
      4          2                   0.000000000
      4          3                  -0.000000000
      4          4                   0.999999999
      4          5                   0.000000000
      4          6                   0.000000000
      4          7                  -0.000000000
      4          8                   0.000000000
      4          9                  -0.000000000
      4         10                   0.000000000
      4         11                   0.000000000
      4         12                  -0.000000000
      5          1                  -0.000000000
      5          2                  -0.000000000
      5          3                  -0.000000000
      5          4                  -0.000000000
      5          5                   0.999999995
      5          6                  -0.000000000
      5          7                  -0.000000000
      5          8                  -0.000000000
      5          9                  -0.000000000
      5         10                   0.000000000
      5         11                  -0.000000000
      5         12                  -0.000000000
      6          1                  -0.000000000
      6          2                   0.000000000
      6          3                   0.000000000
      6          4                  -0.000000000
      6          5                   0.000000000
      6          6                   0.999999994
      6          7                  -0.000000000
      6          8                   0.000000000
      6          9                   0.000000000
      6         10                  -0.000000000
      6         11                   0.000000000
      6         12                  -0.000000000
      7          1                  -0.000000000
      7          2                   0.000000000
      7          3                  -0.000000000
      7          4                   0.000000000
      7          5                  -0.000000000
      7          6                  -0.000000000
      7          7                   0.999999992
      7          8                  -0.000000000
      7          9                   0.000000000
      7         10                   0.000000000
      7         11                   0.000000000
      7         12                  -0.000000000
      8          1                   0.000000000
      8          2                  -0.000000000
      8          3                  -0.000000000
      8          4                   0.000000000
      8          5                   0.000000000
      8          6                  -0.000000000
      8          7                  -0.000000000
      8          8                   0.999986631
      8          9                   0.000000000
      8         10                   0.000000000
      8         11                  -0.000000000
      8         12                  -0.000000000
      9          1                  -0.000000000
      9          2                  -0.000000000
      9          3                  -0.000000000
      9          4                  -0.000000000
      9          5                   0.000000000
      9          6                   0.000000000
      9          7                  -0.000000000
      9          8                  -0.000000000
      9          9                   0.999975283
      9         10                   0.000000000
      9         11                  -0.000000000
      9         12                  -0.000000000
     10          1                   0.000000000
     10          2                   0.000000000
     10          3                   0.000000000
     10          4                   0.000000000
     10          5                  -0.000000000
     10          6                  -0.000000000
     10          7                   0.000000000
     10          8                  -0.000000000
     10          9                  -0.000000000
     10         10                   0.999975283
     10         11                  -0.000000000
     10         12                   0.000000000
     11          1                  -0.000000000
     11          2                  -0.000000000
     11          3                  -0.000000000
     11          4                   0.000000000
     11          5                   0.000000000
     11          6                  -0.000000000
     11          7                   0.000000000
     11          8                   0.000000000
     11          9                   0.000000000
     11         10                  -0.000000000
     11         11                   0.999751154
     11         12                   0.000000000
     12          1                   0.000000000
     12          2                   0.000000000
     12          3                   0.000000000
     12          4                   0.000000000
     12          5                   0.000000000
     12          6                  -0.000000000
     12          7                   0.000000000
     12          8                   0.000000000
     12          9                  -0.000000000
     12         10                   0.000000000
     12         11                   0.000000000
     12         12                  -0.000000000

DIAGONAL ELEMENTS

      1          1                   1.000000001
      2          2                   1.000000000
      3          3                   1.000000000
      4          4                   0.999999999
      5          5                   0.999999995
      6          6                   0.999999994
      7          7                   0.999999992
      8          8                   0.999986631
      9          9                   0.999975283
     10         10                   0.999975283
     11         11                   0.999751154
     12         12                  -0.000000000
