1   0
 S   6  1.00
       1915.16660        -0.203950000E-02
       287.183110        -0.155966000E-01
       65.1571760        -0.762442000E-01
       18.1958270        -0.247924400    
       5.70153790        -0.479082300    
       1.84383750        -0.335295300    
 s   2  1.00
       3.49143040         0.774224000E-01
      0.305056000        -0.574123900    
 s   1  1.00
      0.964865000E-01      1.00000000    
 p   4  1.00
       11.6874170         0.150861000E-01
       2.63077550         0.888157000E-01
      0.744226900         0.290368200    
      0.230476100         0.499443300    
 p   1  1.00
      0.699380000E-01      1.00000000    
 d   1  1.00
      0.400000000          1.00000000    
***
 2   0
 s   6  1.00
       26351.4580         0.173240000E-02
       3945.05670         0.133109000E-01
       892.438350         0.666748000E-01
       249.417430         0.230050600    
       79.7215720         0.474230700    
       26.8311450         0.359524000    
 S   3  1.00
       52.7853010        -0.956296000E-01
       5.61564290         0.588084000    
       2.10590760         0.486698200    
 s   2  1.00
       3.55861490         0.180689100    
      0.484798100        -0.688482900    
 S   1  1.00
      0.173331000          1.00000000    
 p   5  1.00
       271.078210        -0.109257000E-01
       63.5472080        -0.775909000E-01
       19.7371090        -0.277515900    
       6.78899370        -0.503193300    
       2.34803030        -0.334842600    
 p   2  1.00
       1.10668640        -0.276538100    
      0.382968000        -0.546676800    
 p   1  1.00
      0.125113300          1.00000000    
 D   1  1.00
      0.750000000          1.00000000    
END
