 File gaussian.rwf


 dumping /fiocom/, unit = 1 NFiles =    79 SizExt =    524288 WInBlk =      8192
                   defal = F LstWrd =     1344000 FType=2 FMxFil=10000

 Number              0             0             0             0             0             0
 Base           259413        264546        239208        355296        239046        260096
 End            259584        264704        239616        355335        239104        263168
 End1           259584        264704        239616        355335        239104        263168
 Wr Pntr        259413        264546        239208        355296        239046        260096
 Rd Pntr        259413        264546        239208        355296        239046        260096
 Length            171           158           408            39            58          3072

 Number              0             0             0             0             0            25
 Base           196608        269824        319488        253952        426694        355032
 End            197632        276992        355032        256656       1344000        355296
 End1           197632        276992        355032        256656       1344000        355296
 Wr Pntr        196608        269824        319488        253952        426694        355032
 Rd Pntr        196608        269824        319488        253952        426694        355032
 Length           1024          7168         35544          2704        917306           264

 Number             26           501           502           503           507           508
 Base           238592         43520         72192        180224        180736        197632
 End            238856         44520         76375        180253        180797        197662
 End1           238856         44544         76800        180736        181248        198144
 Wr Pntr        238592         43520         72192        180224        180736        197632
 Rd Pntr        238592         43520         72192        180224        180736        197632
 Length            264          1000          4183            29            61            30

 Number            514           515           516           517           518           520
 Base           208384        202752        198144        235008        230400        196096
 End            209762        208264        202278        235216        234534        196106
 End1           209920        208384        202752        235520        235008        196608
 Wr Pntr        208384        202752        198144        235008        230400        196096
 Rd Pntr        208384        202752        198144        235008        230400        196096
 Length           1378          5512          4134           208          4134            10

 Number            521           522           523           524           526           528
 Base           188928        238080        235520        240128        246272        243200
 End            188963        238184        235624        242832        248976        244578
 End1           189440        238592        236032        243200        249344        244736
 Wr Pntr        188928        238080        235520        240128        246272        243200
 Rd Pntr        188928        238080        235520        240128        246272        243200
 Length             35           104           104          2704          2704          1378

 Number            530           532           534           536           538           545
 Base           236544        244736        249344        250880        252416        236032
 End            237922        246114        250722        252258        253794        236060
 End1           238080        246272        250880        252416        253952        236544
 Wr Pntr        236544        244736        249344        250880        252416        236032
 Rd Pntr        236544        244736        249344        250880        252416        236032
 Length           1378          1378          1378          1378          1378            28

 Number            547           548           552           559           562           563
 Base           265216        265728        187904        191488        181760        269312
 End            265320        268328        187928        191490        187852        269364
 End1           265728        268800        188416        192000        187904        269824
 Wr Pntr        265216        265728        187904        191488        181760        269312
 Rd Pntr        265216        265728        187904        191488        181760        269312
 Length            104          2600            24             2          6092            52

 Number            565           569           571           572           577           580
 Base           193536        239616        263168        213504        193024        190464
 End            193562        239618        264546        230040        193076        190568
 End1           194048        240128        264546        230400        193536        190976
 Wr Pntr        193536        239616        263168        213504        193024        190464
 Rd Pntr        193536        239616        263168        213504        193024        190464
 Length             26             2          1378         16536            52           104

 Number            581           582           583           584           598           603
 Base           190976        192512        192000        194048         76800        256656
 End            191152        192668        192005        194072         76802        259413
 End1           191488        193024        192512        194560         77312        259413
 Wr Pntr        190976        192512        192000        194048         76800        256656
 Rd Pntr        190976        192512        192000        194048         76800        256656
 Length            176           156             5            24             2          2757

 Number            605           606           607           619           633           634
 Base           259584        239104        264704        194560        358823        355335
 End            259589        239208        264754        195189        426694        358823
 End1           260096        239208        265216        195584        426694        358823
 Wr Pntr        259584        239104        264704        194560        358823        355335
 Rd Pntr        259584        239104        264704        194560        358823        355335
 Length              5           104            50           629         67871          3488

 Number            635           670           674           685           694           695
 Base           276992        189440        181248        209920        268800        195584
 End            319284        189958        181316        212624        268900        195736
 End1           319488        190464        181760        212992        269312        196096
 Wr Pntr        276992        189440        181248        209920        268800        195584
 Rd Pntr        276992        189440        181248        209920        268800        195584
 Length          42292           518            68          2704           100           152

 Number            698           742           770           989           991           992
 Base           188416        212992        238856         44544         65536         65024
 End            188440        213024        239046         64544         72098         65033
 End1           188928        213504        239046         65024         72192         65536
 Wr Pntr        188416        212992        238856         44544         65536         65024
 Rd Pntr        188416        212992        238856         44544         65536         65024
 Length             24            32           190         20000          6562             9

 Number            993           994           995           996           997           998
 Base            43008         40448         42496         41472         41984         40960
 End             43208         40478         42516         41672         42130         41160
 End1            43520         40960         43008         41984         42496         41472
 Wr Pntr         43008         40448         42496         41472         41984         40960
 Rd Pntr         43008         40448         42496         41472         41984         40960
 Length            200            30            20           200           146           200

 Number            999
 Base            77312
 End            179816
 End1           180224
 Wr Pntr         77312
 Rd Pntr         77312
 Length         102504
 NUsed=  68 NFree=  11 NWUsed=      313344 NWInt=       50346 NWEnd=      917306 NHiFil= 999
 Dump of file   522 length           104 (read left to right):
      -0.19271873D+02     -0.10389645D+02     -0.11738720D+01     -0.73374235D+00     -0.59271896D+00
      -0.54692972D+00     -0.49554317D+00     -0.35836803D+00      0.24505186D-01      0.13461537D+00
       0.19144175D+00      0.19547910D+00      0.28632196D+00      0.29335719D+00      0.34806044D+00
       0.49090709D+00      0.51943619D+00      0.52295835D+00      0.59993809D+00      0.61104021D+00
       0.70493826D+00      0.76778074D+00      0.12404033D+01      0.12430440D+01      0.13465541D+01
       0.13695837D+01      0.13998288D+01      0.15717571D+01      0.17244860D+01      0.17721595D+01
       0.18052329D+01      0.20236746D+01      0.21579217D+01      0.21633587D+01      0.22973506D+01
       0.24754111D+01      0.25093094D+01      0.25336409D+01      0.27022512D+01      0.27148372D+01
       0.27606701D+01      0.27789039D+01      0.29198889D+01      0.30714131D+01      0.32235612D+01
       0.32784812D+01      0.36098862D+01      0.42043410D+01      0.46167285D+01      0.69882177D+01
       0.28283610D+02      0.50826499D+02     -0.19271873D+02     -0.10389645D+02     -0.11738720D+01
      -0.73374235D+00     -0.59271896D+00     -0.54692972D+00     -0.49554317D+00     -0.35836803D+00
       0.24505186D-01      0.13461537D+00      0.19144175D+00      0.19547910D+00      0.28632196D+00
       0.29335719D+00      0.34806044D+00      0.49090709D+00      0.51943619D+00      0.52295835D+00
       0.59993809D+00      0.61104021D+00      0.70493826D+00      0.76778074D+00      0.12404033D+01
       0.12430440D+01      0.13465541D+01      0.13695837D+01      0.13998288D+01      0.15717571D+01
       0.17244860D+01      0.17721595D+01      0.18052329D+01      0.20236746D+01      0.21579217D+01
       0.21633587D+01      0.22973506D+01      0.24754111D+01      0.25093094D+01      0.25336409D+01
       0.27022512D+01      0.27148372D+01      0.27606701D+01      0.27789039D+01      0.29198889D+01
       0.30714131D+01      0.32235612D+01      0.32784812D+01      0.36098862D+01      0.42043410D+01
       0.46167285D+01      0.69882177D+01      0.28283610D+02      0.50826499D+02
