C  0
 S   6 1.00       0.000000000000
      0.1357534968D+05  0.6064600968D-03
      0.2035233368D+04  0.4697898458D-02
      0.4632256236D+03  0.2433247346D-01
      0.1312001960D+03  0.9739995599D-01
      0.4285301589D+02  0.3019558443D+00
      0.1558418577D+02  0.6623361013D+00
 S   2 1.00       0.000000000000
      0.6206713850D+01  0.6559530795D+00
      0.2576489650D+01  0.3758563390D+00
 S   1 1.00       0.000000000000
      0.5769633900D+00  0.1000000000D+01
 S   1 1.00       0.000000000000
      0.2297283100D+00  0.1000000000D+01
 S   1 1.00       0.000000000000
      0.9516444000D-01  0.1000000000D+01
 P   4 1.00       0.000000000000
      0.3469723224D+02  0.1132722898D-01
      0.7958262280D+01  0.7616966121D-01
      0.2378082690D+01  0.3019225154D+00
      0.8143320800D+00  0.7278502776D+00
 P   1 1.00       0.000000000000
      0.2888754700D+00  0.1000000000D+01
 P   1 1.00       0.000000000000
      0.1005682400D+00  0.1000000000D+01
 D   1 1.00       0.000000000000
      0.8000000000D+00  0.1000000000D+01
 ****
O  0
 S   6 1.00       0.000000000000
      0.2703238263D+05  0.5722653852D-03
      0.4052387139D+04  0.4435333307D-02
      0.9223272271D+03  0.2302010343D-01
      0.2612407099D+03  0.9282249382D-01
      0.8535464135D+02  0.2937849971D+00
      0.3103503524D+02  0.6740160462D+00
 S   2 1.00       0.000000000000
      0.1226086073D+02  0.6383993750D+00
      0.4998707600D+01  0.3953458663D+00
 S   1 1.00       0.000000000000
      0.1170310820D+01  0.1000000000D+01
 S   1 1.00       0.000000000000
      0.4647474100D+00  0.1000000000D+01
 S   1 1.00       0.000000000000
      0.1850453600D+00  0.1000000000D+01
 P   4 1.00       0.000000000000
      0.6327495480D+02  0.1201833159D-01
      0.1462704938D+02  0.8300543039D-01
      0.4450122350D+01  0.3199174388D+00
      0.1527579960D+01  0.7071554258D+00
 P   1 1.00       0.000000000000
      0.5293511800D+00  0.1000000000D+01
 P   1 1.00       0.000000000000
      0.1747842100D+00  0.1000000000D+01
 D   1 1.00       0.000000000000
      0.1200000000D+01  0.1000000000D+01
 ****
H  0
 S   3 1.00       0.000000000000
      0.3406134100D+02  0.2543930721D-01
      0.5123574600D+01  0.1900859489D+00
      0.1164662600D+01  0.8524411301D+00
 S   1 1.00       0.000000000000
      0.3272304100D+00  0.1000000000D+01
 S   1 1.00       0.000000000000
      0.1030724100D+00  0.1000000000D+01
 P   1 1.00       0.000000000000
      0.8000000000D+00  0.1000000000D+01
 ****
H  0
 S   3 1.00       0.000000000000
      0.3406134100D+02  0.2543930721D-01
      0.5123574600D+01  0.1900859489D+00
      0.1164662600D+01  0.8524411301D+00
 S   1 1.00       0.000000000000
      0.3272304100D+00  0.1000000000D+01
 S   1 1.00       0.000000000000
      0.1030724100D+00  0.1000000000D+01
 P   1 1.00       0.000000000000
      0.8000000000D+00  0.1000000000D+01
END