     AO_overlap
        1.000000000
        0.685598766
        0.187968825
        0.096914135
        0.050600890
        0.000000000
        0.000000000
        0.000000000
        0.000000000
        0.000000000
        0.000000000
        0.000000000
        0.000000000
        0.000000000
        0.011497650
        0.000000000
        0.000000000
        0.011497650
        0.000000000
        0.011497650
        0.000000000
        0.000000001
        0.001102618
        0.015870623
        0.032392132
       -0.000982898
        0.000000000
       -0.000000312
       -0.040696821
        0.000000000
       -0.000012918
       -0.061263392
        0.000000000
       -0.000019447
        0.012269936
        0.000000000
        0.000006706
        0.000072218
        0.000000000
        0.000072219
        0.002146529
        0.030652710
        0.034262895
        0.015606108
       -0.024999942
       -0.000010376
        0.002146529
        0.030652709
        0.034262895
        0.015606107
        0.024999939
       -0.000011440
        0.685598766
        1.000000000
        0.528931145
        0.300858273
        0.163841002
        0.000000000
        0.000000000
        0.000000000
        0.000000000
        0.000000000
        0.000000000
        0.000000000
        0.000000000
        0.000000000
        0.124508894
        0.000000000
        0.000000000
        0.124508894
        0.000000000
        0.124508894
        0.000000574
        0.000025922
        0.008111199
        0.056661814
        0.105718629
       -0.009438550
        0.000000000
       -0.000002996
       -0.135467115
        0.000000000
       -0.000043001
       -0.192453190
        0.000000000
       -0.000061090
        0.060163242
        0.000000000
        0.000031797
        0.002329246
        0.000000000
        0.002329252
        0.013269193
        0.101359470
        0.111768606
        0.056912658
       -0.091170272
       -0.000037838
        0.013269191
        0.101359467
        0.111768605
        0.056912653
        0.091170265
       -0.000041718
        0.187968825
        0.528931145
        1.000000000
        0.857542576
        0.582216342
        0.000000000
        0.000000000
        0.000000000
        0.000000000
        0.000000000
        0.000000000
        0.000000000
        0.000000000
        0.000000000
        0.657623081
        0.000000000
        0.000000000
        0.657623081
        0.000000000
        0.657623081
        0.006330234
        0.023467023
        0.126236279
        0.265517745
        0.387722599
       -0.120976708
        0.000000000
       -0.000038401
       -0.417373291
        0.000000000
       -0.000132486
       -0.567437331
        0.000000000
       -0.000180121
        0.280715829
        0.000000000
        0.000101436
        0.096220020
        0.000000000
        0.096220039
        0.152993688
        0.377360154
        0.414028730
        0.187463953
       -0.300304720
       -0.000124633
        0.152993680
        0.377360144
        0.414028726
        0.187463946
        0.300304708
       -0.000137416
        0.096914135
        0.300858273
        0.857542576
        1.000000000
        0.868364127
        0.000000000
        0.000000000
        0.000000000
        0.000000000
        0.000000000
        0.000000000
        0.000000000
        0.000000000
        0.000000000
        0.681594528
        0.000000000
        0.000000000
        0.681594528
        0.000000000
        0.681594528
        0.018295008
        0.061763817
        0.238595992
        0.415617066
        0.586685728
       -0.117785719
        0.000000000
       -0.000037389
       -0.386486424
        0.000000000
       -0.000122682
       -0.637405978
        0.000000000
       -0.000202331
        0.313329446
        0.000000000
        0.000047238
        0.227410483
        0.000000000
        0.227410492
        0.254298724
        0.540731227
        0.651064516
        0.153754087
       -0.246303768
       -0.000102221
        0.254298718
        0.540731219
        0.651064511
        0.153754084
        0.246303763
       -0.000112706
        0.050600890
        0.163841002
        0.582216342
        0.868364127
        1.000000000
        0.000000000
        0.000000000
        0.000000000
        0.000000000
        0.000000000
        0.000000000
        0.000000000
        0.000000000
        0.000000000
        0.499483110
        0.000000000
        0.000000000
        0.499483110
        0.000000000
        0.499483110
        0.018797436
        0.063331620
        0.244141485
        0.434582979
        0.668277781
       -0.053687921
        0.000000000
       -0.000017042
       -0.202294222
        0.000000000
       -0.000064214
       -0.454380704
        0.000000000
       -0.000144233
        0.275217552
        0.000000000
        0.000010106
        0.256835952
        0.000000000
        0.256835953
        0.240795053
        0.552905910
        0.804099976
        0.070290486
       -0.112600660
       -0.000046732
        0.240795050
        0.552905905
        0.804099972
        0.070290486
        0.112600659
       -0.000051525
        0.000000000
        0.000000000
        0.000000000
        0.000000000
        0.000000000
        1.000000000
        0.000000000
        0.000000000
        0.626035392
        0.000000000
        0.000000000
        0.256643592
        0.000000000
        0.000000000
        0.000000000
        0.000000000
        0.000000000
        0.000000000
        0.000000000
        0.000000000
        0.007335569
        0.028392475
        0.158269537
        0.255833099
        0.199141303
       -0.168556091
        0.000000000
       -0.000064638
       -0.367065770
        0.000000000
       -0.000164540
       -0.100722329
        0.000000000
       -0.000096219
        0.356984718
        0.000000000
        0.000181245
        0.103187813
        0.000000000
        0.103187854
       -0.102783842
       -0.148900996
       -0.062434165
       -0.006869477
        0.235824807
        0.000097872
       -0.102783836
       -0.148900992
       -0.062434165
       -0.006869476
       -0.235824795
        0.000107911
        0.000000000
        0.000000000
        0.000000000
        0.000000000
        0.000000000
        0.000000000
        1.000000000
        0.000000000
        0.000000000
        0.626035392
        0.000000000
        0.000000000
        0.256643592
        0.000000000
        0.000000000
        0.000000000
        0.000000000
        0.000000000
        0.000000000
        0.000000000
        0.000000000
        0.000000000
        0.000000000
        0.000000000
        0.000000000
        0.000000000
        0.035074522
        0.000000000
        0.000000000
        0.151286846
        0.000000000
        0.000000000
        0.202399322
        0.000000000
        0.000000000
       -0.131391192
        0.000000000
        0.000000000
       -0.000041707
        0.000000000
        0.164652844
        0.238529441
        0.100015359
        0.235824807
       -0.237432411
       -0.000156785
       -0.164652834
       -0.238529434
       -0.100015357
       -0.235824795
       -0.237432399
        0.000172866
        0.000000000
        0.000000000
        0.000000000
        0.000000000
        0.000000000
        0.000000000
        0.000000000
        1.000000000
        0.000000000
        0.000000000
        0.626035392
        0.000000000
        0.000000000
        0.256643592
        0.000000000
        0.000000000
        0.000000000
        0.000000000
        0.000000000
        0.000000000
        0.000002329
        0.000009013
        0.000050239
        0.000081209
        0.000063213
       -0.000064638
        0.000000000
        0.035074501
       -0.000164540
        0.000000000
        0.151286793
       -0.000096219
        0.000000000
        0.202399291
        0.000161477
        0.000000000
       -0.131391121
        0.000032755
        0.000000000
       -0.000015405
        0.000068334
        0.000098995
        0.000041509
        0.000097872
       -0.000156785
        0.140343098
        0.000075343
        0.000109148
        0.000045766
        0.000107911
        0.000172866
        0.140343077
        0.000000000
        0.000000000
        0.000000000
        0.000000000
        0.000000000
        0.626035392
        0.000000000
        0.000000000
        1.000000000
        0.000000000
        0.000000000
        0.716848941
        0.000000000
        0.000000000
        0.000000000
        0.000000000
        0.000000000
        0.000000000
        0.000000000
        0.000000000
        0.038790532
        0.127612445
        0.423943387
        0.577833776
        0.513783561
       -0.162694734
        0.000000000
       -0.000085532
       -0.313322706
        0.000000000
       -0.000208409
       -0.060704691
        0.000000000
       -0.000187424
        0.425642506
        0.000000000
        0.000071337
        0.389705445
        0.000000000
        0.389705467
       -0.230610102
       -0.322150926
       -0.185592070
        0.138269810
        0.241513863
        0.000100233
       -0.230610095
       -0.322150920
       -0.185592068
        0.138269807
       -0.241513857
        0.000110514
        0.000000000
        0.000000000
        0.000000000
        0.000000000
        0.000000000
        0.000000000
        0.626035392
        0.000000000
        0.000000000
        1.000000000
        0.000000000
        0.000000000
        0.716848941
        0.000000000
        0.000000000
        0.000000000
        0.000000000
        0.000000000
        0.000000000
        0.000000000
        0.000000000
        0.000000000
        0.000000000
        0.000000000
        0.000000000
        0.000000000
        0.106758649
        0.000000000
        0.000000000
        0.343230660
        0.000000000
        0.000000000
        0.529738798
        0.000000000
        0.000000000
       -0.162489956
        0.000000000
        0.000000000
       -0.000051579
        0.000000000
        0.369421965
        0.516064244
        0.297306087
        0.241513863
       -0.097855241
       -0.000160567
       -0.369421954
       -0.516064235
       -0.297306085
       -0.241513857
       -0.097855239
        0.000177036
        0.000000000
        0.000000000
        0.000000000
        0.000000000
        0.000000000
        0.000000000
        0.000000000
        0.626035392
        0.000000000
        0.000000000
        1.000000000
        0.000000000
        0.000000000
        0.716848941
        0.000000000
        0.000000000
        0.000000000
        0.000000000
        0.000000000
        0.000000000
        0.000012313
        0.000040508
        0.000134572
        0.000183421
        0.000163090
       -0.000085532
        0.000000000
        0.106758622
       -0.000208409
        0.000000000
        0.343230594
       -0.000187424
        0.000000000
        0.529738739
        0.000194669
        0.000000000
       -0.162489917
        0.000123704
        0.000000000
        0.000064145
        0.000153318
        0.000214178
        0.000123388
        0.000100233
       -0.000160567
        0.289033753
        0.000169043
        0.000236145
        0.000136044
        0.000110514
        0.000177036
        0.289033731
        0.000000000
        0.000000000
        0.000000000
        0.000000000
        0.000000000
        0.256643592
        0.000000000
        0.000000000
        0.716848941
        0.000000000
        0.000000000
        1.000000000
        0.000000000
        0.000000000
        0.000000000
        0.000000000
        0.000000000
        0.000000000
        0.000000000
        0.000000000
        0.027265667
        0.090761656
        0.326302976
        0.516812042
        0.621814540
        0.002329822
        0.000000000
       -0.000024594
        0.040232245
        0.000000000
       -0.000081837
        0.227512573
        0.000000000
       -0.000136143
        0.312384082
        0.000000000
       -0.000000793
        0.342533043
        0.000000000
        0.342533046
       -0.158985088
       -0.299839034
       -0.284681748
        0.166161991
        0.074885799
        0.000031079
       -0.158985086
       -0.299839032
       -0.284681746
        0.166161989
       -0.074885799
        0.000034267
        0.000000000
        0.000000000
        0.000000000
        0.000000000
        0.000000000
        0.000000000
        0.256643592
        0.000000000
        0.000000000
        0.716848941
        0.000000000
        0.000000000
        1.000000000
        0.000000000
        0.000000000
        0.000000000
        0.000000000
        0.000000000
        0.000000000
        0.000000000
        0.000000000
        0.000000000
        0.000000000
        0.000000000
        0.000000000
        0.000000000
        0.079807556
        0.000000000
        0.000000000
        0.298045901
        0.000000000
        0.000000000
        0.656406793
        0.000000000
        0.000000000
       -0.049721326
        0.000000000
        0.000000000
       -0.000015783
        0.000000000
        0.254683481
        0.480322086
        0.456041127
        0.074885799
        0.092947091
       -0.000049787
       -0.254683478
       -0.480322082
       -0.456041124
       -0.074885799
        0.092947090
        0.000054893
        0.000000000
        0.000000000
        0.000000000
        0.000000000
        0.000000000
        0.000000000
        0.000000000
        0.256643592
        0.000000000
        0.000000000
        0.716848941
        0.000000000
        0.000000000
        1.000000000
        0.000000000
        0.000000000
        0.000000000
        0.000000000
        0.000000000
        0.000000000
        0.000008655
        0.000028810
        0.000103578
        0.000164051
        0.000197382
       -0.000024594
        0.000000000
        0.079807548
       -0.000081837
        0.000000000
        0.298045875
       -0.000136143
        0.000000000
        0.656406749
        0.000117384
        0.000000000
       -0.049721321
        0.000108730
        0.000000000
        0.000090505
        0.000105699
        0.000199344
        0.000189267
        0.000031079
       -0.000049787
        0.212909115
        0.000116540
        0.000219790
        0.000208679
        0.000034267
        0.000054893
        0.212909108
        0.011497650
        0.124508894
        0.657623081
        0.681594528
        0.499483110
        0.000000000
        0.000000000
        0.000000000
        0.000000000
        0.000000000
        0.000000000
        0.000000000
        0.000000000
        0.000000000
        1.000000000
        0.000000000
        0.000000000
        0.333333333
        0.000000000
        0.333333333
        0.024228648
        0.085882673
        0.325442553
        0.422147780
        0.406833990
       -0.300212884
        0.000000000
       -0.000142317
       -0.479090885
        0.000000000
       -0.000261806
       -0.419343778
        0.000000000
       -0.000198923
        0.482410852
        0.000000000
        0.000257279
        0.222695969
        0.000000000
        0.222696042
        0.141661184
        0.315982541
        0.357744183
       -0.001678744
       -0.315089870
       -0.000130769
        0.141661176
        0.315982533
        0.357744179
       -0.001678744
        0.315089855
       -0.000144181
        0.000000000
        0.000000000
        0.000000000
        0.000000000
        0.000000000
        0.000000000
        0.000000000
        0.000000000
        0.000000000
        0.000000000
        0.000000000
        0.000000000
        0.000000000
        0.000000000
        0.000000000
        1.000000000
        0.000000000
        0.000000000
        0.000000000
        0.000000000
        0.000000000
        0.000000000
        0.000000000
        0.000000000
        0.000000000
        0.000000000
        0.128284669
        0.000000000
        0.000000000
        0.299366974
        0.000000000
        0.000000000
        0.179548798
        0.000000000
        0.000000000
       -0.312351076
        0.000000000
        0.000000000
       -0.000124488
        0.000000000
       -0.255244873
       -0.165944390
       -0.027892531
        0.004657893
        0.261602601
        0.000179870
        0.255244858
        0.165944386
        0.027892531
       -0.004657892
        0.261602589
       -0.000198318
        0.000000000
        0.000000000
        0.000000000
        0.000000000
        0.000000000
        0.000000000
        0.000000000
        0.000000000
        0.000000000
        0.000000000
        0.000000000
        0.000000000
        0.000000000
        0.000000000
        0.000000000
        0.000000000
        1.000000000
        0.000000000
        0.000000000
        0.000000000
        0.000013284
        0.000046460
        0.000156880
        0.000147636
        0.000058699
       -0.000186217
        0.000000000
        0.128284597
       -0.000214819
        0.000000000
        0.299366876
       -0.000026685
        0.000000000
        0.179548772
        0.000317174
        0.000000000
       -0.312350921
        0.000107810
        0.000000000
       -0.000035936
       -0.000105932
       -0.000068871
       -0.000011576
        0.000001933
        0.000179870
       -0.171795346
       -0.000116797
       -0.000075934
       -0.000012763
        0.000002131
       -0.000198318
       -0.171795322
        0.011497650
        0.124508894
        0.657623081
        0.681594528
        0.499483110
        0.000000000
        0.000000000
        0.000000000
        0.000000000
        0.000000000
        0.000000000
        0.000000000
        0.000000000
        0.000000000
        0.333333333
        0.000000000
        0.000000000
        1.000000000
        0.000000000
        0.333333333
        0.000068081
        0.001379160
        0.040104165
        0.153621862
        0.300069822
       -0.035580591
        0.000000000
       -0.000011294
       -0.261209737
        0.000000000
       -0.000082915
       -0.474470993
        0.000000000
       -0.000150611
        0.113758304
        0.000000000
        0.000047915
        0.079824517
        0.000000000
        0.026608181
        0.285738763
        0.409652850
        0.373488626
        0.349408597
       -0.241950106
       -0.000232300
        0.285738747
        0.409652839
        0.373488622
        0.349408581
        0.241950095
       -0.000256125
        0.000000000
        0.000000000
        0.000000000
        0.000000000
        0.000000000
        0.000000000
        0.000000000
        0.000000000
        0.000000000
        0.000000000
        0.000000000
        0.000000000
        0.000000000
        0.000000000
        0.000000000
        0.000000000
        0.000000000
        0.000000000
        1.000000000
        0.000000000
        0.000000000
        0.000000000
        0.000000000
        0.000000000
        0.000000000
        0.000000000
        0.000040721
        0.000000000
        0.000000000
        0.000095028
        0.000000000
        0.000000000
        0.000056994
        0.000000000
        0.000000000
       -0.000124488
        0.000000000
        0.000000000
        0.079824477
        0.000000000
        0.000169696
        0.000110326
        0.000018544
        0.000179870
       -0.000173923
        0.275204659
       -0.000187101
       -0.000121641
       -0.000020446
       -0.000198318
       -0.000191761
       -0.275204620
        0.011497650
        0.124508894
        0.657623081
        0.681594528
        0.499483110
        0.000000000
        0.000000000
        0.000000000
        0.000000000
        0.000000000
        0.000000000
        0.000000000
        0.000000000
        0.000000000
        0.333333333
        0.000000000
        0.000000000
        0.333333333
        0.000000000
        1.000000000
        0.000068083
        0.001379168
        0.040104194
        0.153621890
        0.300069833
       -0.035580633
        0.000000000
        0.000035726
       -0.261209794
        0.000000000
        0.000026813
       -0.474471008
        0.000000000
       -0.000084800
        0.113758388
        0.000000000
       -0.000095831
        0.026608192
        0.000000000
        0.079824493
        0.049668811
        0.256174804
        0.347691483
        0.099186176
       -0.158889622
        0.000065943
        0.049668817
        0.256174803
        0.347691481
        0.099186180
        0.158889629
        0.000072706
        0.000000000
        0.000000574
        0.006330234
        0.018295008
        0.018797436
        0.007335569
        0.000000000
        0.000002329
        0.038790532
        0.000000000
        0.000012313
        0.027265667
        0.000000000
        0.000008655
        0.024228648
        0.000000000
        0.000013284
        0.000068081
        0.000000000
        0.000068083
        1.000000000
        0.681549961
        0.191928928
        0.098831766
        0.050119778
        0.000000000
        0.000000000
        0.000000000
        0.000000000
        0.000000000
        0.000000000
        0.000000000
        0.000000000
        0.000000000
        0.007307100
        0.000000000
        0.000000000
        0.007307100
        0.000000000
        0.007307100
        0.000000013
        0.000690332
        0.007294758
        0.000010109
       -0.000005326
       -0.000000000
        0.000000013
        0.000690332
        0.007294758
        0.000010109
        0.000005326
       -0.000000000
        0.000000001
        0.000025922
        0.023467023
        0.061763817
        0.063331620
        0.028392475
        0.000000000
        0.000009013
        0.127612445
        0.000000000
        0.000040508
        0.090761656
        0.000000000
        0.000028810
        0.085882673
        0.000000000
        0.000046460
        0.001379160
        0.000000000
        0.001379168
        0.681549961
        1.000000000
        0.544963443
        0.311467257
        0.165386348
        0.000000000
        0.000000000
        0.000000000
        0.000000000
        0.000000000
        0.000000000
        0.000000000
        0.000000000
        0.000000000
        0.090353336
        0.000000000
        0.000000000
        0.090353336
        0.000000000
        0.090353336
        0.000000305
        0.002646404
        0.024851764
        0.000075021
       -0.000039523
       -0.000000000
        0.000000305
        0.002646404
        0.024851764
        0.000075021
        0.000039523
       -0.000000002
        0.001102618
        0.008111199
        0.126236279
        0.238595992
        0.244141485
        0.158269537
        0.000000000
        0.000050239
        0.423943387
        0.000000000
        0.000134572
        0.326302976
        0.000000000
        0.000103578
        0.325442553
        0.000000000
        0.000156880
        0.040104165
        0.000000000
        0.040104194
        0.191928928
        0.544963443
        1.000000000
        0.856808579
        0.569048651
        0.000000000
        0.000000000
        0.000000000
        0.000000000
        0.000000000
        0.000000000
        0.000000000
        0.000000000
        0.000000000
        0.584513048
        0.000000000
        0.000000000
        0.584513048
        0.000000000
        0.584513048
        0.000178273
        0.018354570
        0.101862930
        0.003522387
       -0.001855675
       -0.000000020
        0.000178273
        0.018354570
        0.101862929
        0.003522387
        0.001855675
       -0.000000099
        0.015870623
        0.056661814
        0.265517745
        0.415617066
        0.434582979
        0.255833099
        0.000000000
        0.000081209
        0.577833776
        0.000000000
        0.000183421
        0.516812042
        0.000000000
        0.000164051
        0.422147780
        0.000000000
        0.000147636
        0.153621862
        0.000000000
        0.153621890
        0.098831766
        0.311467257
        0.856808579
        1.000000000
        0.857539364
        0.000000000
        0.000000000
        0.000000000
        0.000000000
        0.000000000
        0.000000000
        0.000000000
        0.000000000
        0.000000000
        0.707332163
        0.000000000
        0.000000000
        0.707332163
        0.000000000
        0.707332163
        0.006054173
        0.060187333
        0.198920269
        0.029417169
       -0.015497642
       -0.000000165
        0.006054173
        0.060187333
        0.198920269
        0.029417169
        0.015497642
       -0.000000825
        0.032392132
        0.105718629
        0.387722599
        0.586685728
        0.668277781
        0.199141303
        0.000000000
        0.000063213
        0.513783561
        0.000000000
        0.000163090
        0.621814540
        0.000000000
        0.000197382
        0.406833990
        0.000000000
        0.000058699
        0.300069822
        0.000000000
        0.300069833
        0.050119778
        0.165386348
        0.569048651
        0.857539364
        1.000000000
        0.000000000
        0.000000000
        0.000000000
        0.000000000
        0.000000000
        0.000000000
        0.000000000
        0.000000000
        0.000000000
        0.561539357
        0.000000000
        0.000000000
        0.561539357
        0.000000000
        0.561539357
        0.051162826
        0.169331734
        0.359077622
        0.088282475
       -0.046509239
       -0.000000495
        0.051162826
        0.169331734
        0.359077622
        0.088282475
        0.046509239
       -0.000002475
       -0.000982898
       -0.009438550
       -0.120976708
       -0.117785719
       -0.053687921
       -0.168556091
        0.000000000
       -0.000064638
       -0.162694734
        0.000000000
       -0.000085532
        0.002329822
        0.000000000
       -0.000024594
       -0.300212884
        0.000000000
       -0.000186217
       -0.035580591
        0.000000000
       -0.035580633
        0.000000000
        0.000000000
        0.000000000
        0.000000000
        0.000000000
        1.000000000
        0.000000000
        0.000000000
        0.607909727
        0.000000000
        0.000000000
        0.233625577
        0.000000000
        0.000000000
        0.000000000
        0.000000000
        0.000000000
        0.000000000
        0.000000000
        0.000000000
       -0.000147204
       -0.015253550
       -0.035241408
       -0.003440884
        0.001977277
        0.000000021
       -0.000147204
       -0.015253550
       -0.035241408
       -0.003440884
       -0.001977277
        0.000000105
        0.000000000
        0.000000000
        0.000000000
        0.000000000
        0.000000000
        0.000000000
        0.035074522
        0.000000000
        0.000000000
        0.106758649
        0.000000000
        0.000000000
        0.079807556
        0.000000000
        0.000000000
        0.128284669
        0.000000000
        0.000000000
        0.000040721
        0.000000000
        0.000000000
        0.000000000
        0.000000000
        0.000000000
        0.000000000
        0.000000000
        1.000000000
        0.000000000
        0.000000000
        0.607909727
        0.000000000
        0.000000000
        0.233625577
        0.000000000
        0.000000000
        0.000000000
        0.000000000
        0.000000000
        0.000000000
        0.000000000
        0.000077551
        0.008035921
        0.018565985
        0.001977277
       -0.000729349
       -0.000000011
       -0.000077551
       -0.008035921
       -0.018565985
       -0.001977277
       -0.000729349
        0.000000055
       -0.000000312
       -0.000002996
       -0.000038401
       -0.000037389
       -0.000017042
       -0.000064638
        0.000000000
        0.035074501
       -0.000085532
        0.000000000
        0.106758622
       -0.000024594
        0.000000000
        0.079807548
       -0.000142317
        0.000000000
        0.128284597
       -0.000011294
        0.000000000
        0.000035726
        0.000000000
        0.000000000
        0.000000000
        0.000000000
        0.000000000
        0.000000000
        0.000000000
        1.000000000
        0.000000000
        0.000000000
        0.607909727
        0.000000000
        0.000000000
        0.233625577
        0.000000000
        0.000000000
        0.000000000
        0.000000000
        0.000000000
        0.000000000
        0.000000001
        0.000000086
        0.000000198
        0.000000021
       -0.000000011
        0.000312326
        0.000000004
        0.000000428
        0.000000988
        0.000000105
        0.000000055
        0.000312326
       -0.040696821
       -0.135467115
       -0.417373291
       -0.386486424
       -0.202294222
       -0.367065770
        0.000000000
       -0.000164540
       -0.313322706
        0.000000000
       -0.000208409
        0.040232245
        0.000000000
       -0.000081837
       -0.479090885
        0.000000000
       -0.000214819
       -0.261209737
        0.000000000
       -0.261209794
        0.000000000
        0.000000000
        0.000000000
        0.000000000
        0.000000000
        0.607909727
        0.000000000
        0.000000000
        1.000000000
        0.000000000
        0.000000000
        0.693812563
        0.000000000
        0.000000000
        0.000000000
        0.000000000
        0.000000000
        0.000000000
        0.000000000
        0.000000000
       -0.013392950
       -0.095334060
       -0.145075313
       -0.058066017
        0.035493606
        0.000000378
       -0.013392950
       -0.095334060
       -0.145075313
       -0.058066017
       -0.035493606
        0.000001889
        0.000000000
        0.000000000
        0.000000000
        0.000000000
        0.000000000
        0.000000000
        0.151286846
        0.000000000
        0.000000000
        0.343230660
        0.000000000
        0.000000000
        0.298045901
        0.000000000
        0.000000000
        0.299366974
        0.000000000
        0.000000000
        0.000095028
        0.000000000
        0.000000000
        0.000000000
        0.000000000
        0.000000000
        0.000000000
        0.000000000
        0.607909727
        0.000000000
        0.000000000
        1.000000000
        0.000000000
        0.000000000
        0.693812563
        0.000000000
        0.000000000
        0.000000000
        0.000000000
        0.000000000
        0.000000000
        0.000000000
        0.007055714
        0.050224176
        0.076429012
        0.035493606
       -0.009391942
       -0.000000199
       -0.007055714
       -0.050224176
       -0.076429012
       -0.035493606
       -0.009391942
        0.000000995
       -0.000012918
       -0.000043001
       -0.000132486
       -0.000122682
       -0.000064214
       -0.000164540
        0.000000000
        0.151286793
       -0.000208409
        0.000000000
        0.343230594
       -0.000081837
        0.000000000
        0.298045875
       -0.000261806
        0.000000000
        0.299366876
       -0.000082915
        0.000000000
        0.000026813
        0.000000000
        0.000000000
        0.000000000
        0.000000000
        0.000000000
        0.000000000
        0.000000000
        0.607909727
        0.000000000
        0.000000000
        1.000000000
        0.000000000
        0.000000000
        0.693812563
        0.000000000
        0.000000000
        0.000000000
        0.000000000
        0.000000000
        0.000000000
        0.000000075
        0.000000534
        0.000000813
        0.000000378
       -0.000000199
        0.009306907
        0.000000375
        0.000002672
        0.000004067
        0.000001889
        0.000000995
        0.009306907
       -0.061263392
       -0.192453190
       -0.567437331
       -0.637405978
       -0.454380704
       -0.100722329
        0.000000000
       -0.000096219
       -0.060704691
        0.000000000
       -0.000187424
        0.227512573
        0.000000000
       -0.000136143
       -0.419343778
        0.000000000
       -0.000026685
       -0.474470993
        0.000000000
       -0.474471008
        0.000000000
        0.000000000
        0.000000000
        0.000000000
        0.000000000
        0.233625577
        0.000000000
        0.000000000
        0.693812563
        0.000000000
        0.000000000
        1.000000000
        0.000000000
        0.000000000
        0.000000000
        0.000000000
        0.000000000
        0.000000000
        0.000000000
        0.000000000
       -0.137044936
       -0.326902112
       -0.387387247
       -0.145231504
        0.110371253
        0.000001175
       -0.137044936
       -0.326902112
       -0.387387246
       -0.145231503
       -0.110371253
        0.000005873
        0.000000000
        0.000000000
        0.000000000
        0.000000000
        0.000000000
        0.000000000
        0.202399322
        0.000000000
        0.000000000
        0.529738798
        0.000000000
        0.000000000
        0.656406793
        0.000000000
        0.000000000
        0.179548798
        0.000000000
        0.000000000
        0.000056994
        0.000000000
        0.000000000
        0.000000000
        0.000000000
        0.000000000
        0.000000000
        0.000000000
        0.233625577
        0.000000000
        0.000000000
        0.693812563
        0.000000000
        0.000000000
        1.000000000
        0.000000000
        0.000000000
        0.000000000
        0.000000000
        0.000000000
        0.000000000
        0.000000000
        0.072198425
        0.172219553
        0.204084514
        0.110371253
        0.006125862
       -0.000000619
       -0.072198425
       -0.172219553
       -0.204084513
       -0.110371253
        0.006125862
        0.000003094
       -0.000019447
       -0.000061090
       -0.000180121
       -0.000202331
       -0.000144233
       -0.000096219
        0.000000000
        0.202399291
       -0.000187424
        0.000000000
        0.529738739
       -0.000136143
        0.000000000
        0.656406749
       -0.000198923
        0.000000000
        0.179548772
       -0.000150611
        0.000000000
       -0.000084800
        0.000000000
        0.000000000
        0.000000000
        0.000000000
        0.000000000
        0.000000000
        0.000000000
        0.233625577
        0.000000000
        0.000000000
        0.693812563
        0.000000000
        0.000000000
        1.000000000
        0.000000000
        0.000000000
        0.000000000
        0.000000000
        0.000000000
        0.000000000
        0.000000768
        0.000001833
        0.000002172
        0.000001175
       -0.000000619
        0.064271977
        0.000003842
        0.000009163
        0.000010859
        0.000005873
        0.000003094
        0.064271977
        0.012269936
        0.060163242
        0.280715829
        0.313329446
        0.275217552
        0.356984718
        0.000000000
        0.000161477
        0.425642506
        0.000000000
        0.000194669
        0.312384082
        0.000000000
        0.000117384
        0.482410852
        0.000000000
        0.000317174
        0.113758304
        0.000000000
        0.113758388
        0.007307100
        0.090353336
        0.584513048
        0.707332163
        0.561539357
        0.000000000
        0.000000000
        0.000000000
        0.000000000
        0.000000000
        0.000000000
        0.000000000
        0.000000000
        0.000000000
        1.000000000
        0.000000000
        0.000000000
        0.333333333
        0.000000000
        0.333333333
        0.001319768
        0.041874170
        0.126026720
        0.015889855
       -0.009979808
       -0.000000106
        0.001319768
        0.041874170
        0.126026720
        0.015889855
        0.009979808
       -0.000000531
        0.000000000
        0.000000000
        0.000000000
        0.000000000
        0.000000000
        0.000000000
       -0.131391192
        0.000000000
        0.000000000
       -0.162489956
        0.000000000
        0.000000000
       -0.049721326
        0.000000000
        0.000000000
       -0.312351076
        0.000000000
        0.000000000
       -0.000124488
        0.000000000
        0.000000000
        0.000000000
        0.000000000
        0.000000000
        0.000000000
        0.000000000
        0.000000000
        0.000000000
        0.000000000
        0.000000000
        0.000000000
        0.000000000
        0.000000000
        0.000000000
        0.000000000
        1.000000000
        0.000000000
        0.000000000
        0.000000000
        0.000000000
       -0.001118578
       -0.023475396
       -0.017975184
       -0.013802668
        0.005361075
        0.000000085
        0.001118578
        0.023475396
        0.017975184
        0.013802668
        0.005361075
       -0.000000426
        0.000006706
        0.000031797
        0.000101436
        0.000047238
        0.000010106
        0.000181245
        0.000000000
       -0.131391121
        0.000071337
        0.000000000
       -0.162489917
       -0.000000793
        0.000000000
       -0.049721321
        0.000257279
        0.000000000
       -0.312350921
        0.000047915
        0.000000000
       -0.000095831
        0.000000000
        0.000000000
        0.000000000
        0.000000000
        0.000000000
        0.000000000
        0.000000000
        0.000000000
        0.000000000
        0.000000000
        0.000000000
        0.000000000
        0.000000000
        0.000000000
        0.000000000
        0.000000000
        1.000000000
        0.000000000
        0.000000000
        0.000000000
       -0.000000012
       -0.000000250
       -0.000000191
       -0.000000147
        0.000000085
       -0.002644430
       -0.000000060
       -0.000001249
       -0.000000956
       -0.000000734
       -0.000000426
       -0.002644430
        0.000072218
        0.002329246
        0.096220020
        0.227410483
        0.256835952
        0.103187813
        0.000000000
        0.000032755
        0.389705445
        0.000000000
        0.000123704
        0.342533043
        0.000000000
        0.000108730
        0.222695969
        0.000000000
        0.000107810
        0.079824517
        0.000000000
        0.026608192
        0.007307100
        0.090353336
        0.584513048
        0.707332163
        0.561539357
        0.000000000
        0.000000000
        0.000000000
        0.000000000
        0.000000000
        0.000000000
        0.000000000
        0.000000000
        0.000000000
        0.333333333
        0.000000000
        0.000000000
        1.000000000
        0.000000000
        0.333333333
        0.000434136
        0.023287573
        0.111794905
        0.006912124
       -0.002032799
       -0.000000039
        0.000434136
        0.023287573
        0.111794905
        0.006912124
        0.002032799
       -0.000000194
        0.000000000
        0.000000000
        0.000000000
        0.000000000
        0.000000000
        0.000000000
       -0.000041707
        0.000000000
        0.000000000
       -0.000051579
        0.000000000
        0.000000000
       -0.000015783
        0.000000000
        0.000000000
       -0.000124488
        0.000000000
        0.000000000
        0.079824477
        0.000000000
        0.000000000
        0.000000000
        0.000000000
        0.000000000
        0.000000000
        0.000000000
        0.000000000
        0.000000000
        0.000000000
        0.000000000
        0.000000000
        0.000000000
        0.000000000
        0.000000000
        0.000000000
        0.000000000
        0.000000000
        0.000000000
        1.000000000
        0.000000000
        0.000000006
        0.000000132
        0.000000101
        0.000000085
       -0.000000030
        0.001393147
       -0.000000031
       -0.000000658
       -0.000000504
       -0.000000426
       -0.000000150
       -0.001393147
        0.000072219
        0.002329252
        0.096220039
        0.227410492
        0.256835953
        0.103187854
        0.000000000
       -0.000015405
        0.389705467
        0.000000000
        0.000064145
        0.342533046
        0.000000000
        0.000090505
        0.222696042
        0.000000000
       -0.000035936
        0.026608181
        0.000000000
        0.079824493
        0.007307100
        0.090353336
        0.584513048
        0.707332163
        0.561539357
        0.000000000
        0.000000000
        0.000000000
        0.000000000
        0.000000000
        0.000000000
        0.000000000
        0.000000000
        0.000000000
        0.333333333
        0.000000000
        0.000000000
        0.333333333
        0.000000000
        1.000000000
        0.000093908
        0.016147264
        0.106327547
        0.002290144
       -0.001206501
        0.000000004
        0.000093908
        0.016147264
        0.106327547
        0.002290144
        0.001206501
        0.000000021
        0.002146529
        0.013269193
        0.152993688
        0.254298724
        0.240795053
       -0.102783842
        0.164652844
        0.000068334
       -0.230610102
        0.369421965
        0.000153318
       -0.158985088
        0.254683481
        0.000105699
        0.141661184
       -0.255244873
       -0.000105932
        0.285738763
        0.000169696
        0.049668811
        0.000000013
        0.000000305
        0.000178273
        0.006054173
        0.051162826
       -0.000147204
        0.000077551
        0.000000001
       -0.013392950
        0.007055714
        0.000000075
       -0.137044936
        0.072198425
        0.000000768
        0.001319768
       -0.001118578
       -0.000000012
        0.000434136
        0.000000006
        0.000093908
        1.000000000
        0.706214736
        0.373285586
        0.000000000
        0.000000000
        0.000000000
        0.000470508
        0.026906916
        0.112383156
        0.000000000
        0.007989174
       -0.000000170
        0.030652710
        0.101359470
        0.377360154
        0.540731227
        0.552905910
       -0.148900996
        0.238529441
        0.000098995
       -0.322150926
        0.516064244
        0.000214178
       -0.299839034
        0.480322086
        0.000199344
        0.315982541
       -0.165944390
       -0.000068871
        0.409652850
        0.000110326
        0.256174804
        0.000690332
        0.002646404
        0.018354570
        0.060187333
        0.169331734
       -0.015253550
        0.008035921
        0.000000086
       -0.095334060
        0.050224176
        0.000000534
       -0.326902112
        0.172219553
        0.000001833
        0.041874170
       -0.023475396
       -0.000000250
        0.023287573
        0.000000132
        0.016147264
        0.706214736
        1.000000000
        0.788643577
        0.000000000
        0.000000000
        0.000000000
        0.026906916
        0.126969720
        0.293420964
        0.000000000
        0.085232854
       -0.000001814
        0.034262895
        0.111768606
        0.414028730
        0.651064516
        0.804099976
       -0.062434165
        0.100015359
        0.000041509
       -0.185592070
        0.297306087
        0.000123388
       -0.284681748
        0.456041127
        0.000189267
        0.357744183
       -0.027892531
       -0.000011576
        0.373488626
        0.000018544
        0.347691483
        0.007294758
        0.024851764
        0.101862930
        0.198920269
        0.359077622
       -0.035241408
        0.018565985
        0.000000198
       -0.145075313
        0.076429012
        0.000000813
       -0.387387247
        0.204084514
        0.000002172
        0.126026720
       -0.017975184
       -0.000000191
        0.111794905
        0.000000101
        0.106327547
        0.373285586
        0.788643577
        1.000000000
        0.000000000
        0.000000000
        0.000000000
        0.112383156
        0.293420964
        0.522011066
        0.000000000
        0.116240585
       -0.000002474
        0.015606108
        0.056912658
        0.187463953
        0.153754087
        0.070290486
       -0.006869477
        0.235824807
        0.000097872
        0.138269810
        0.241513863
        0.000100233
        0.166161991
        0.074885799
        0.000031079
       -0.001678744
        0.004657893
        0.000001933
        0.349408597
        0.000179870
        0.099186176
        0.000010109
        0.000075021
        0.003522387
        0.029417169
        0.088282475
       -0.003440884
        0.001977277
        0.000000021
       -0.058066017
        0.035493606
        0.000000378
       -0.145231504
        0.110371253
        0.000001175
        0.015889855
       -0.013802668
       -0.000000147
        0.006912124
        0.000000085
        0.002290144
        0.000000000
        0.000000000
        0.000000000
        1.000000000
        0.000000000
        0.000000000
        0.000000000
        0.000000000
        0.000000000
        0.006438156
        0.000000000
        0.000000000
       -0.024999942
       -0.091170272
       -0.300304720
       -0.246303768
       -0.112600660
        0.235824807
       -0.237432411
       -0.000156785
        0.241513863
       -0.097855241
       -0.000160567
        0.074885799
        0.092947091
       -0.000049787
       -0.315089870
        0.261602601
        0.000179870
       -0.241950106
       -0.000173923
       -0.158889622
       -0.000005326
       -0.000039523
       -0.001855675
       -0.015497642
       -0.046509239
        0.001977277
       -0.000729349
       -0.000000011
        0.035493606
       -0.009391942
       -0.000000199
        0.110371253
        0.006125862
       -0.000000619
       -0.009979808
        0.005361075
        0.000000085
       -0.002032799
       -0.000000030
       -0.001206501
        0.000000000
        0.000000000
        0.000000000
        0.000000000
        1.000000000
        0.000000000
       -0.007989174
       -0.085232854
       -0.116240585
        0.000000000
       -0.058529446
        0.000001383
       -0.000010376
       -0.000037838
       -0.000124633
       -0.000102221
       -0.000046732
        0.000097872
       -0.000156785
        0.140343098
        0.000100233
       -0.000160567
        0.289033753
        0.000031079
       -0.000049787
        0.212909115
       -0.000130769
        0.000179870
       -0.171795346
       -0.000232300
        0.275204659
        0.000065943
       -0.000000000
       -0.000000000
       -0.000000020
       -0.000000165
       -0.000000495
        0.000000021
       -0.000000011
        0.000312326
        0.000000378
       -0.000000199
        0.009306907
        0.000001175
       -0.000000619
        0.064271977
       -0.000000106
        0.000000085
       -0.002644430
       -0.000000039
        0.001393147
        0.000000004
        0.000000000
        0.000000000
        0.000000000
        0.000000000
        0.000000000
        1.000000000
        0.000000170
        0.000001814
        0.000002474
        0.000000000
        0.000001383
        0.006438156
        0.002146529
        0.013269191
        0.152993680
        0.254298718
        0.240795050
       -0.102783836
       -0.164652834
        0.000075343
       -0.230610095
       -0.369421954
        0.000169043
       -0.158985086
       -0.254683478
        0.000116540
        0.141661176
        0.255244858
       -0.000116797
        0.285738747
       -0.000187101
        0.049668817
        0.000000013
        0.000000305
        0.000178273
        0.006054173
        0.051162826
       -0.000147204
       -0.000077551
        0.000000004
       -0.013392950
       -0.007055714
        0.000000375
       -0.137044936
       -0.072198425
        0.000003842
        0.001319768
        0.001118578
       -0.000000060
        0.000434136
       -0.000000031
        0.000093908
        0.000470508
        0.026906916
        0.112383156
        0.000000000
       -0.007989174
        0.000000170
        1.000000000
        0.706214736
        0.373285586
        0.000000000
        0.000000000
        0.000000000
        0.030652709
        0.101359467
        0.377360144
        0.540731219
        0.552905905
       -0.148900992
       -0.238529434
        0.000109148
       -0.322150920
       -0.516064235
        0.000236145
       -0.299839032
       -0.480322082
        0.000219790
        0.315982533
        0.165944386
       -0.000075934
        0.409652839
       -0.000121641
        0.256174803
        0.000690332
        0.002646404
        0.018354570
        0.060187333
        0.169331734
       -0.015253550
       -0.008035921
        0.000000428
       -0.095334060
       -0.050224176
        0.000002672
       -0.326902112
       -0.172219553
        0.000009163
        0.041874170
        0.023475396
       -0.000001249
        0.023287573
       -0.000000658
        0.016147264
        0.026906916
        0.126969720
        0.293420964
        0.000000000
       -0.085232854
        0.000001814
        0.706214736
        1.000000000
        0.788643577
        0.000000000
        0.000000000
        0.000000000
        0.034262895
        0.111768605
        0.414028726
        0.651064511
        0.804099972
       -0.062434165
       -0.100015357
        0.000045766
       -0.185592068
       -0.297306085
        0.000136044
       -0.284681746
       -0.456041124
        0.000208679
        0.357744179
        0.027892531
       -0.000012763
        0.373488622
       -0.000020446
        0.347691481
        0.007294758
        0.024851764
        0.101862929
        0.198920269
        0.359077622
       -0.035241408
       -0.018565985
        0.000000988
       -0.145075313
       -0.076429012
        0.000004067
       -0.387387246
       -0.204084513
        0.000010859
        0.126026720
        0.017975184
       -0.000000956
        0.111794905
       -0.000000504
        0.106327547
        0.112383156
        0.293420964
        0.522011066
        0.000000000
       -0.116240585
        0.000002474
        0.373285586
        0.788643577
        1.000000000
        0.000000000
        0.000000000
        0.000000000
        0.015606107
        0.056912653
        0.187463946
        0.153754084
        0.070290486
       -0.006869476
       -0.235824795
        0.000107911
        0.138269807
       -0.241513857
        0.000110514
        0.166161989
       -0.074885799
        0.000034267
       -0.001678744
       -0.004657892
        0.000002131
        0.349408581
       -0.000198318
        0.099186180
        0.000010109
        0.000075021
        0.003522387
        0.029417169
        0.088282475
       -0.003440884
       -0.001977277
        0.000000105
       -0.058066017
       -0.035493606
        0.000001889
       -0.145231503
       -0.110371253
        0.000005873
        0.015889855
        0.013802668
       -0.000000734
        0.006912124
       -0.000000426
        0.002290144
        0.000000000
        0.000000000
        0.000000000
        0.006438156
        0.000000000
        0.000000000
        0.000000000
        0.000000000
        0.000000000
        1.000000000
        0.000000000
        0.000000000
        0.024999939
        0.091170265
        0.300304708
        0.246303763
        0.112600659
       -0.235824795
       -0.237432399
        0.000172866
       -0.241513857
       -0.097855239
        0.000177036
       -0.074885799
        0.092947090
        0.000054893
        0.315089855
        0.261602589
       -0.000198318
        0.241950095
       -0.000191761
        0.158889629
        0.000005326
        0.000039523
        0.001855675
        0.015497642
        0.046509239
       -0.001977277
       -0.000729349
        0.000000055
       -0.035493606
       -0.009391942
        0.000000995
       -0.110371253
        0.006125862
        0.000003094
        0.009979808
        0.005361075
       -0.000000426
        0.002032799
       -0.000000150
        0.001206501
        0.007989174
        0.085232854
        0.116240585
        0.000000000
       -0.058529446
        0.000001383
        0.000000000
        0.000000000
        0.000000000
        0.000000000
        1.000000000
        0.000000000
       -0.000011440
       -0.000041718
       -0.000137416
       -0.000112706
       -0.000051525
        0.000107911
        0.000172866
        0.140343077
        0.000110514
        0.000177036
        0.289033731
        0.000034267
        0.000054893
        0.212909108
       -0.000144181
       -0.000198318
       -0.171795322
       -0.000256125
       -0.275204620
        0.000072706
       -0.000000000
       -0.000000002
       -0.000000099
       -0.000000825
       -0.000002475
        0.000000105
        0.000000055
        0.000312326
        0.000001889
        0.000000995
        0.009306907
        0.000005873
        0.000003094
        0.064271977
       -0.000000531
       -0.000000426
       -0.002644430
       -0.000000194
       -0.001393147
        0.000000021
       -0.000000170
       -0.000001814
       -0.000002474
        0.000000000
        0.000001383
        0.006438156
        0.000000000
        0.000000000
        0.000000000
        0.000000000
        0.000000000
        1.000000000
