
TWO-STATE MO OVERLAP INTEGRALS

      1          1                   1.000000000
      1          2                   0.000000000
      1          3                   0.000000000
      1          4                   0.000000000
      1          5                   0.000000000
      1          6                   0.000000000
      2          1                  -0.000000000
      2          2                   0.999999999
      2          3                   0.000000000
      2          4                   0.000000000
      2          5                   0.000000000
      2          6                   0.000000000
      3          1                   0.000000000
      3          2                  -0.000000000
      3          3                   0.999999999
      3          4                  -0.000000000
      3          5                  -0.000000000
      3          6                   0.000000000
      4          1                  -0.000000000
      4          2                   0.000000000
      4          3                   0.000000000
      4          4                   0.999991109
      4          5                  -0.000000000
      4          6                   0.000000000
      5          1                   0.000000000
      5          2                  -0.000000000
      5          3                  -0.000000000
      5          4                  -0.000000000
      5          5                   0.999986241
      5          6                   0.000000000
      6          1                  -0.000000000
      6          2                   0.000000000
      6          3                   0.000000000
      6          4                   0.000000000
      6          5                   0.000000000
      6          6                   0.000000000

DIAGONAL ELEMENTS

      1          1                   1.000000000
      2          2                   0.999999999
      3          3                   0.999999999
      4          4                   0.999991109
      5          5                   0.999986241
      6          6                   0.000000000
