O 0
 s   6  1.00
       5222.90220        -0.193640000E-02
       782.539940        -0.148507000E-01
       177.267430        -0.733187000E-01
       49.5166880        -0.245116200    
       15.6664400        -0.480284700    
       5.17935990        -0.335942700    
 s   2  1.00
       10.6014410         0.788058000E-01
      0.942317000        -0.567695200    
 s   1  1.00
      0.277474600          1.00000000    
 p   4  1.00
       33.4241260         0.175603000E-01
       7.62217140         0.107630000    
       2.23820930         0.323525600    
      0.686730000         0.483222900    
 p   1  1.00
      0.193813500          1.00000000    
 d   1  1.00
      0.800000000          1.00000000    
END
