C  0
  S  8  1.0
      4.0667344005E-01 -2.7807816612E+00
      4.9810060409E-01  2.1456966432E+00
      3.4122429648E-01  2.0627744007E+00
      2.5277703994E+01 -2.0915428674E+00
      3.2111859462E+00 -1.1114702555E+00
      8.5727221271E+00 -1.9514366218E+00
      9.0434690939E+01 -1.6683855022E+00
      4.9294763603E+02 -1.1288677925E+00
  P  7  1.0
      3.1433633168E-01  2.6279605928E-01
      7.6556158990E-01  3.7120432798E-01
      5.8078342779E-01  3.9855343399E-01
      1.5431070324E+00  1.0260335707E+00
      3.6730788797E+00  1.3018565043E+00
      9.8592577409E+00  1.5925979227E+00
      3.4639456144E+01  1.5356514213E+00
 ****
O  0
  S  9  1.0
      8.5105182213E-01  1.1438658849E+00
      3.9430103449E-01  6.3283392945E-01
      2.8289392845E+00 -2.9724492907E+00
      2.5009290966E+00  2.8919645270E+00
      2.3686387748E+01 -3.0361764535E+00
      9.0147769069E+00 -2.3397561479E+00
      2.4557639599E+02 -2.0754567227E+00
      6.9115451979E+01 -2.7847493342E+00
      1.3302843068E+03 -1.3755702485E+00
  P  8  1.0
      3.9014465820E-01  2.7366768847E-01
      1.7102820713E+00 -2.5078639542E-01
      1.8513462432E+00  1.9973556327E+00
      8.1769269092E-01  9.0613096817E-01
      6.6692028367E+00  1.6066723428E+00
      4.0233682935E+00  2.0061864825E+00
      1.4660114630E+01  3.3019438718E+00
      4.9652816307E+01  3.5631576427E+00
 ****
H  0
  S  7  1.0
      3.1057942576E-01  1.1069742110E+00
      4.2054401715E-01 -2.0389805578E+00
      1.4691812568E+00  4.9737343948E-01
      4.8997687604E-01  2.0281238631E+00
      4.2674722880E+00  3.6647285708E-01
      8.2212142463E+01  1.7034748332E-01
      1.5114794189E+01  2.6131371966E-01
 ****
H  0
  S  7  1.0
      3.1057942576E-01  1.1069742110E+00
      4.2054401715E-01 -2.0389805578E+00
      1.4691812568E+00  4.9737343948E-01
      4.8997687604E-01  2.0281238631E+00
      4.2674722880E+00  3.6647285708E-01
      8.2212142463E+01  1.7034748332E-01
      1.5114794189E+01  2.6131371966E-01
END