 
 ALPHA MO COEFFICIENTS OF THE FIRST STATE                                        
 COEFFICIENTS OF SPHERICAL MOs
               1         2         3         4         5
            2.00000   2.00000   2.00000   2.00000   2.00000
 
    1s      0.70613   0.70610  -0.16584  -0.18642   0.06514
    2s      0.00317   0.00267   0.37980   0.44424  -0.14636
    3s     -0.00050  -0.00251  -0.25371  -0.40460   0.20419
    4py     0.00000   0.00000   0.00000   0.00000   0.00000
    5pz     0.00068   0.00098   0.17604  -0.09014   0.54655
    6px     0.00000   0.00000   0.00000   0.00000   0.00000
    7py     0.00000   0.00000   0.00000   0.00000   0.00000
    8pz    -0.00027   0.00098   0.02392   0.00358   0.13512
    9px     0.00000   0.00000   0.00000   0.00000   0.00000
   10d-2    0.00000   0.00000   0.00000   0.00000   0.00000
   11d-1    0.00000   0.00000   0.00000   0.00000   0.00000
   12d 0   -0.00006  -0.00041  -0.02492   0.01053  -0.02766
   13d+1    0.00000   0.00000   0.00000   0.00000   0.00000
   14d+2   -0.00002  -0.00002   0.00123   0.00192  -0.00076
   15s      0.70613  -0.70610  -0.16584   0.18642   0.06514
   16s      0.00317  -0.00267   0.37980  -0.44424  -0.14636
   17s     -0.00050   0.00251  -0.25371   0.40460   0.20419
   18py     0.00000   0.00000   0.00000   0.00000   0.00000
   19pz    -0.00068   0.00098  -0.17604  -0.09014  -0.54655
   20px     0.00000   0.00000   0.00000   0.00000   0.00000
   21py     0.00000   0.00000   0.00000   0.00000   0.00000
   22pz     0.00027   0.00098  -0.02392   0.00358  -0.13512
   23px     0.00000   0.00000   0.00000   0.00000   0.00000
   24d-2    0.00000   0.00000   0.00000   0.00000   0.00000
   25d-1    0.00000   0.00000   0.00000   0.00000   0.00000
   26d 0   -0.00006   0.00041  -0.02492  -0.01053  -0.02766
   27d+1    0.00000   0.00000   0.00000   0.00000   0.00000
   28d+2   -0.00002   0.00002   0.00123  -0.00192  -0.00076
               6         7         8         9        10
            2.00000   1.00000   1.00000   1.00000   0.00000
 
    1s      0.00000   0.00000   0.00000   0.00000  -0.06869
    2s      0.00000   0.00000   0.00000   0.00000   0.18942
    3s      0.00000   0.00000   0.00000   0.00000  -0.37055
    4py     0.00000   0.57999   0.00000   0.64848   0.00000
    5pz     0.00000   0.00000   0.00000   0.00000   0.68279
    6px     0.55825   0.00000   0.64275   0.00000   0.00000
    7py     0.00000   0.14593   0.00000   0.19809   0.00000
    8pz     0.00000   0.00000   0.00000   0.00000   0.38961
    9px     0.17038   0.00000   0.21044   0.00000   0.00000
   10d-2    0.00000   0.00000   0.00000   0.00000   0.00000
   11d-1    0.00000  -0.03201   0.00000  -0.00215   0.00000
   12d 0    0.00000   0.00000   0.00000   0.00000   0.02687
   13d+1   -0.03419   0.00000  -0.00048   0.00000   0.00000
   14d+2    0.00000   0.00000   0.00000   0.00000   0.00154
   15s      0.00000   0.00000   0.00000   0.00000   0.06869
   16s      0.00000   0.00000   0.00000   0.00000  -0.18942
   17s      0.00000   0.00000   0.00000   0.00000   0.37055
   18py     0.00000   0.57999   0.00000  -0.64848   0.00000
   19pz     0.00000   0.00000   0.00000   0.00000   0.68279
   20px     0.55825   0.00000  -0.64275   0.00000   0.00000
   21py     0.00000   0.14593   0.00000  -0.19809   0.00000
   22pz     0.00000   0.00000   0.00000   0.00000   0.38961
   23px     0.17038   0.00000  -0.21044   0.00000   0.00000
   24d-2    0.00000   0.00000   0.00000   0.00000   0.00000
   25d-1    0.00000   0.03201   0.00000  -0.00215   0.00000
   26d 0    0.00000   0.00000   0.00000   0.00000  -0.02687
   27d+1    0.03419   0.00000  -0.00048   0.00000   0.00000
   28d+2    0.00000   0.00000   0.00000   0.00000  -0.00154
              11        12        13        14        15
            0.00000   0.00000   0.00000   0.00000   0.00000
 
    1s     -0.04716   0.00000   0.00000  -0.01051   0.00000
    2s      0.06133   0.00000   0.00000   0.02609   0.00000
    3s     -0.96192   0.00000   0.00000   0.29821   0.00000
    4py     0.00000  -0.55031   0.00000   0.00000  -0.49364
    5pz    -0.43886   0.00000   0.00000  -0.48622   0.00000
    6px     0.00000   0.00000  -0.57176   0.00000   0.00000
    7py     0.00000   0.65142   0.00000   0.00000   1.12102
    8pz     1.35923   0.00000   0.00000   0.85342   0.00000
    9px     0.00000   0.00000   0.64550   0.00000   0.00000
   10d-2    0.00000   0.00000   0.00000   0.00000   0.00000
   11d-1    0.00000   0.01759   0.00000   0.00000   0.01956
   12d 0   -0.07331   0.00000   0.00000   0.09665   0.00000
   13d+1    0.00000   0.00000   0.02018   0.00000   0.00000
   14d+2    0.00018   0.00000   0.00000   0.00242   0.00000
   15s      0.04716   0.00000   0.00000  -0.01051   0.00000
   16s     -0.06133   0.00000   0.00000   0.02609   0.00000
   17s      0.96192   0.00000   0.00000   0.29821   0.00000
   18py     0.00000  -0.55031   0.00000   0.00000   0.49364
   19pz    -0.43886   0.00000   0.00000   0.48622   0.00000
   20px     0.00000   0.00000  -0.57176   0.00000   0.00000
   21py     0.00000   0.65142   0.00000   0.00000  -1.12102
   22pz     1.35923   0.00000   0.00000  -0.85342   0.00000
   23px     0.00000   0.00000   0.64550   0.00000   0.00000
   24d-2    0.00000   0.00000   0.00000   0.00000   0.00000
   25d-1    0.00000  -0.01759   0.00000   0.00000   0.01956
   26d 0    0.07331   0.00000   0.00000   0.09665   0.00000
   27d+1    0.00000   0.00000  -0.02018   0.00000   0.00000
   28d+2   -0.00018   0.00000   0.00000   0.00242   0.00000
              16        17        18        19        20
            0.00000   0.00000   0.00000   0.00000   0.00000
 
    1s      0.00000  -0.10209   0.00000   0.00000  -0.06780
    2s      0.00000   1.04118   0.00000   0.00000   1.25954
    3s      0.00000   0.94422   0.00000   0.00000   2.41958
    4py     0.00000   0.00000   0.08608   0.00000   0.00000
    5pz     0.00000  -0.02683   0.00000   0.00000  -0.00323
    6px    -0.50108   0.00000   0.00000   0.08990   0.00000
    7py     0.00000   0.00000   0.04478   0.00000   0.00000
    8pz     0.00000   0.04749   0.00000   0.00000  -1.02522
    9px     1.11887   0.00000   0.00000   0.04414   0.00000
   10d-2    0.00000   0.00000   0.00000   0.00000   0.00000
   11d-1    0.00000   0.00000   0.62686   0.00000   0.00000
   12d 0    0.00000  -0.15180   0.00000   0.00000  -0.18366
   13d+1    0.01903   0.00000   0.00000   0.62667   0.00000
   14d+2    0.00000  -0.00490   0.00000   0.00000  -0.01668
   15s      0.00000  -0.10209   0.00000   0.00000   0.06780
   16s      0.00000   1.04118   0.00000   0.00000  -1.25954
   17s      0.00000   0.94422   0.00000   0.00000  -2.41958
   18py     0.00000   0.00000   0.08608   0.00000   0.00000
   19pz     0.00000   0.02683   0.00000   0.00000  -0.00323
   20px     0.50108   0.00000   0.00000   0.08990   0.00000
   21py     0.00000   0.00000   0.04478   0.00000   0.00000
   22pz     0.00000  -0.04749   0.00000   0.00000  -1.02522
   23px    -1.11887   0.00000   0.00000   0.04414   0.00000
   24d-2    0.00000   0.00000   0.00000   0.00000   0.00000
   25d-1    0.00000   0.00000  -0.62686   0.00000   0.00000
   26d 0    0.00000  -0.15180   0.00000   0.00000   0.18366
   27d+1    0.01903   0.00000   0.00000  -0.62667   0.00000
   28d+2    0.00000  -0.00490   0.00000   0.00000   0.01668
              21        22        23        24        25
            0.00000   0.00000   0.00000   0.00000   0.00000
 
    1s      0.00000  -0.00094   0.00000  -0.00067  -0.04574
    2s      0.00000   0.01249   0.00000   0.03210   0.42818
    3s      0.00000   0.00862   0.00000   0.07421   0.16061
    4py     0.00000   0.00000   0.00000   0.00000   0.00000
    5pz     0.00000   0.00652   0.00000  -0.00444   0.33671
    6px     0.00000   0.00000   0.00000   0.00000   0.00000
    7py     0.00000   0.00000   0.00000   0.00000   0.00000
    8pz     0.00000  -0.00690   0.00000  -0.03294  -0.30997
    9px     0.00000   0.00000   0.00000   0.00000   0.00000
   10d-2    0.68500   0.00000   0.73151   0.00000   0.00000
   11d-1    0.00000   0.00000   0.00000   0.00000   0.00000
   12d 0    0.00000   0.00764   0.00000   0.00358   0.64832
   13d+1    0.00000   0.00000   0.00000   0.00000   0.00000
   14d+2    0.00000   0.68491   0.00000   0.73129  -0.00956
   15s      0.00000  -0.00094   0.00000   0.00067  -0.04574
   16s      0.00000   0.01249   0.00000  -0.03210   0.42818
   17s      0.00000   0.00862   0.00000  -0.07421   0.16061
   18py     0.00000   0.00000   0.00000   0.00000   0.00000
   19pz     0.00000  -0.00652   0.00000  -0.00444  -0.33671
   20px     0.00000   0.00000   0.00000   0.00000   0.00000
   21py     0.00000   0.00000   0.00000   0.00000   0.00000
   22pz     0.00000   0.00690   0.00000  -0.03294   0.30997
   23px     0.00000   0.00000   0.00000   0.00000   0.00000
   24d-2    0.68500   0.00000  -0.73151   0.00000   0.00000
   25d-1    0.00000   0.00000   0.00000   0.00000   0.00000
   26d 0    0.00000   0.00764   0.00000  -0.00358   0.64832
   27d+1    0.00000   0.00000   0.00000   0.00000   0.00000
   28d+2    0.00000   0.68491   0.00000  -0.73129  -0.00956
              26        27        28
            0.00000   0.00000   0.00000
 
    1s      0.00000   0.00000   0.02816
    2s      0.00000   0.00000   0.65408
    3s      0.00000   0.00000   2.24118
    4py    -0.00059   0.00000   0.00000
    5pz     0.00000   0.00000  -0.43178
    6px     0.00000  -0.00196   0.00000
    7py    -0.33674   0.00000   0.00000
    8pz     0.00000   0.00000  -1.11022
    9px     0.00000  -0.33639   0.00000
   10d-2    0.00000   0.00000   0.00000
   11d-1    0.88091   0.00000   0.00000
   12d 0    0.00000   0.00000   1.03581
   13d+1    0.00000   0.88092   0.00000
   14d+2    0.00000   0.00000  -0.00553
   15s      0.00000   0.00000  -0.02816
   16s      0.00000   0.00000  -0.65408
   17s      0.00000   0.00000  -2.24118
   18py     0.00059   0.00000   0.00000
   19pz     0.00000   0.00000  -0.43178
   20px     0.00000   0.00196   0.00000
   21py     0.33674   0.00000   0.00000
   22pz     0.00000   0.00000  -1.11022
   23px     0.00000   0.33639   0.00000
   24d-2    0.00000   0.00000   0.00000
   25d-1    0.88091   0.00000   0.00000
   26d 0    0.00000   0.00000  -1.03581
   27d+1    0.00000   0.88092   0.00000
   28d+2    0.00000   0.00000   0.00553
 
 ALPHA MO COEFFICIENTS OF THE FIRST STATE                                        
 COEFFICIENTS OF CARTESIAN
               1         2         3         4         5
            2.00000   2.00000   2.00000   2.00000   2.00000
 
    1S      0.70613   0.70610  -0.16584  -0.18642   0.06514
    2S      0.00317   0.00267   0.37980   0.44424  -0.14636
    3S     -0.00050  -0.00251  -0.25371  -0.40460   0.20419
    4PX     0.00000   0.00000   0.00000   0.00000   0.00000
    5PY     0.00000   0.00000   0.00000   0.00000   0.00000
    6PZ     0.00068   0.00098   0.17604  -0.09014   0.54655
    7PX     0.00000   0.00000   0.00000   0.00000   0.00000
    8PY     0.00000   0.00000   0.00000   0.00000   0.00000
    9PZ    -0.00027   0.00098   0.02392   0.00358   0.13512
   10DXX    0.00002   0.00019   0.01353  -0.00360   0.01317
   11DXY    0.00000   0.00000   0.00000   0.00000   0.00000
   12DXZ    0.00000   0.00000   0.00000   0.00000   0.00000
   13DYY    0.00005   0.00022   0.01140  -0.00693   0.01449
   14DYZ    0.00000   0.00000   0.00000   0.00000   0.00000
   15DZZ   -0.00006  -0.00041  -0.02492   0.01053  -0.02766
   16S      0.70613  -0.70610  -0.16584   0.18642   0.06514
   17S      0.00317  -0.00267   0.37980  -0.44424  -0.14636
   18S     -0.00050   0.00251  -0.25371   0.40460   0.20419
   19PX     0.00000   0.00000   0.00000   0.00000   0.00000
   20PY     0.00000   0.00000   0.00000   0.00000   0.00000
   21PZ    -0.00068   0.00098  -0.17604  -0.09014  -0.54655
   22PX     0.00000   0.00000   0.00000   0.00000   0.00000
   23PY     0.00000   0.00000   0.00000   0.00000   0.00000
   24PZ     0.00027   0.00098  -0.02392   0.00358  -0.13512
   25DXX    0.00002  -0.00019   0.01353   0.00360   0.01317
   26DXY    0.00000   0.00000   0.00000   0.00000   0.00000
   27DXZ    0.00000   0.00000   0.00000   0.00000   0.00000
   28DYY    0.00005  -0.00022   0.01140   0.00693   0.01449
   29DYZ    0.00000   0.00000   0.00000   0.00000   0.00000
   30DZZ   -0.00006   0.00041  -0.02492  -0.01053  -0.02766
               6         7         8         9        10
            2.00000   1.00000   1.00000   1.00000   0.00000
 
    1S      0.00000   0.00000   0.00000   0.00000  -0.06869
    2S      0.00000   0.00000   0.00000   0.00000   0.18942
    3S      0.00000   0.00000   0.00000   0.00000  -0.37055
    4PX     0.55825   0.00000   0.64275   0.00000   0.00000
    5PY     0.00000   0.57999   0.00000   0.64848   0.00000
    6PZ     0.00000   0.00000   0.00000   0.00000   0.68279
    7PX     0.17038   0.00000   0.21044   0.00000   0.00000
    8PY     0.00000   0.14593   0.00000   0.19809   0.00000
    9PZ     0.00000   0.00000   0.00000   0.00000   0.38961
   10DXX    0.00000   0.00000   0.00000   0.00000  -0.01210
   11DXY    0.00000   0.00000   0.00000   0.00000   0.00000
   12DXZ   -0.03419   0.00000  -0.00048   0.00000   0.00000
   13DYY    0.00000   0.00000   0.00000   0.00000  -0.01477
   14DYZ    0.00000  -0.03201   0.00000  -0.00215   0.00000
   15DZZ    0.00000   0.00000   0.00000   0.00000   0.02687
   16S      0.00000   0.00000   0.00000   0.00000   0.06869
   17S      0.00000   0.00000   0.00000   0.00000  -0.18942
   18S      0.00000   0.00000   0.00000   0.00000   0.37055
   19PX     0.55825   0.00000  -0.64275   0.00000   0.00000
   20PY     0.00000   0.57999   0.00000  -0.64848   0.00000
   21PZ     0.00000   0.00000   0.00000   0.00000   0.68279
   22PX     0.17038   0.00000  -0.21044   0.00000   0.00000
   23PY     0.00000   0.14593   0.00000  -0.19809   0.00000
   24PZ     0.00000   0.00000   0.00000   0.00000   0.38961
   25DXX    0.00000   0.00000   0.00000   0.00000   0.01210
   26DXY    0.00000   0.00000   0.00000   0.00000   0.00000
   27DXZ    0.03419   0.00000  -0.00048   0.00000   0.00000
   28DYY    0.00000   0.00000   0.00000   0.00000   0.01477
   29DYZ    0.00000   0.03201   0.00000  -0.00215   0.00000
   30DZZ    0.00000   0.00000   0.00000   0.00000  -0.02687
              11        12        13        14        15
            0.00000   0.00000   0.00000   0.00000   0.00000
 
    1S     -0.04716   0.00000   0.00000  -0.01051   0.00000
    2S      0.06133   0.00000   0.00000   0.02609   0.00000
    3S     -0.96192   0.00000   0.00000   0.29821   0.00000
    4PX     0.00000   0.00000  -0.57176   0.00000   0.00000
    5PY     0.00000  -0.55031   0.00000   0.00000  -0.49364
    6PZ    -0.43886   0.00000   0.00000  -0.48622   0.00000
    7PX     0.00000   0.00000   0.64550   0.00000   0.00000
    8PY     0.00000   0.65142   0.00000   0.00000   1.12102
    9PZ     1.35923   0.00000   0.00000   0.85342   0.00000
   10DXX    0.03681   0.00000   0.00000  -0.04623   0.00000
   11DXY    0.00000   0.00000   0.00000   0.00000   0.00000
   12DXZ    0.00000   0.00000   0.02018   0.00000   0.00000
   13DYY    0.03650   0.00000   0.00000  -0.05042   0.00000
   14DYZ    0.00000   0.01759   0.00000   0.00000   0.01956
   15DZZ   -0.07331   0.00000   0.00000   0.09665   0.00000
   16S      0.04716   0.00000   0.00000  -0.01051   0.00000
   17S     -0.06133   0.00000   0.00000   0.02609   0.00000
   18S      0.96192   0.00000   0.00000   0.29821   0.00000
   19PX     0.00000   0.00000  -0.57176   0.00000   0.00000
   20PY     0.00000  -0.55031   0.00000   0.00000   0.49364
   21PZ    -0.43886   0.00000   0.00000   0.48622   0.00000
   22PX     0.00000   0.00000   0.64550   0.00000   0.00000
   23PY     0.00000   0.65142   0.00000   0.00000  -1.12102
   24PZ     1.35923   0.00000   0.00000  -0.85342   0.00000
   25DXX   -0.03681   0.00000   0.00000  -0.04623   0.00000
   26DXY    0.00000   0.00000   0.00000   0.00000   0.00000
   27DXZ    0.00000   0.00000  -0.02018   0.00000   0.00000
   28DYY   -0.03650   0.00000   0.00000  -0.05042   0.00000
   29DYZ    0.00000  -0.01759   0.00000   0.00000   0.01956
   30DZZ    0.07331   0.00000   0.00000   0.09665   0.00000
              16        17        18        19        20
            0.00000   0.00000   0.00000   0.00000   0.00000
 
    1S      0.00000  -0.10209   0.00000   0.00000  -0.06780
    2S      0.00000   1.04118   0.00000   0.00000   1.25954
    3S      0.00000   0.94422   0.00000   0.00000   2.41958
    4PX    -0.50108   0.00000   0.00000   0.08990   0.00000
    5PY     0.00000   0.00000   0.08608   0.00000   0.00000
    6PZ     0.00000  -0.02683   0.00000   0.00000  -0.00323
    7PX     1.11887   0.00000   0.00000   0.04414   0.00000
    8PY     0.00000   0.00000   0.04478   0.00000   0.00000
    9PZ     0.00000   0.04749   0.00000   0.00000  -1.02522
   10DXX    0.00000   0.07166   0.00000   0.00000   0.07738
   11DXY    0.00000   0.00000   0.00000   0.00000   0.00000
   12DXZ    0.01903   0.00000   0.00000   0.62667   0.00000
   13DYY    0.00000   0.08014   0.00000   0.00000   0.10628
   14DYZ    0.00000   0.00000   0.62686   0.00000   0.00000
   15DZZ    0.00000  -0.15180   0.00000   0.00000  -0.18366
   16S      0.00000  -0.10209   0.00000   0.00000   0.06780
   17S      0.00000   1.04118   0.00000   0.00000  -1.25954
   18S      0.00000   0.94422   0.00000   0.00000  -2.41958
   19PX     0.50108   0.00000   0.00000   0.08990   0.00000
   20PY     0.00000   0.00000   0.08608   0.00000   0.00000
   21PZ     0.00000   0.02683   0.00000   0.00000  -0.00323
   22PX    -1.11887   0.00000   0.00000   0.04414   0.00000
   23PY     0.00000   0.00000   0.04478   0.00000   0.00000
   24PZ     0.00000  -0.04749   0.00000   0.00000  -1.02522
   25DXX    0.00000   0.07166   0.00000   0.00000  -0.07738
   26DXY    0.00000   0.00000   0.00000   0.00000   0.00000
   27DXZ    0.01903   0.00000   0.00000  -0.62667   0.00000
   28DYY    0.00000   0.08014   0.00000   0.00000  -0.10628
   29DYZ    0.00000   0.00000  -0.62686   0.00000   0.00000
   30DZZ    0.00000  -0.15180   0.00000   0.00000   0.18366
              21        22        23        24        25
            0.00000   0.00000   0.00000   0.00000   0.00000
 
    1S      0.00000  -0.00094   0.00000  -0.00067  -0.04574
    2S      0.00000   0.01249   0.00000   0.03210   0.42818
    3S      0.00000   0.00862   0.00000   0.07421   0.16061
    4PX     0.00000   0.00000   0.00000   0.00000   0.00000
    5PY     0.00000   0.00000   0.00000   0.00000   0.00000
    6PZ     0.00000   0.00652   0.00000  -0.00444   0.33671
    7PX     0.00000   0.00000   0.00000   0.00000   0.00000
    8PY     0.00000   0.00000   0.00000   0.00000   0.00000
    9PZ     0.00000  -0.00690   0.00000  -0.03294  -0.30997
   10DXX    0.00000   0.58933   0.00000   0.63153  -0.33244
   11DXY    0.68500   0.00000   0.73151   0.00000   0.00000
   12DXZ    0.00000   0.00000   0.00000   0.00000   0.00000
   13DYY    0.00000  -0.59697   0.00000  -0.63510  -0.31588
   14DYZ    0.00000   0.00000   0.00000   0.00000   0.00000
   15DZZ    0.00000   0.00764   0.00000   0.00358   0.64832
   16S      0.00000  -0.00094   0.00000   0.00067  -0.04574
   17S      0.00000   0.01249   0.00000  -0.03210   0.42818
   18S      0.00000   0.00862   0.00000  -0.07421   0.16061
   19PX     0.00000   0.00000   0.00000   0.00000   0.00000
   20PY     0.00000   0.00000   0.00000   0.00000   0.00000
   21PZ     0.00000  -0.00652   0.00000  -0.00444  -0.33671
   22PX     0.00000   0.00000   0.00000   0.00000   0.00000
   23PY     0.00000   0.00000   0.00000   0.00000   0.00000
   24PZ     0.00000   0.00690   0.00000  -0.03294   0.30997
   25DXX    0.00000   0.58933   0.00000  -0.63153  -0.33244
   26DXY    0.68500   0.00000  -0.73151   0.00000   0.00000
   27DXZ    0.00000   0.00000   0.00000   0.00000   0.00000
   28DYY    0.00000  -0.59697   0.00000   0.63510  -0.31588
   29DYZ    0.00000   0.00000   0.00000   0.00000   0.00000
   30DZZ    0.00000   0.00764   0.00000  -0.00358   0.64832
              26        27        28        29        30
            0.00000   0.00000   0.00000   0.00000   0.00000
 
    1S      0.00000   0.00000   0.02816   0.00000   0.00000
    2S      0.00000   0.00000   0.65408   0.00000   0.00000
    3S      0.00000   0.00000   2.24118   0.00000   0.00000
    4PX     0.00000  -0.00196   0.00000   0.00000   0.00000
    5PY    -0.00059   0.00000   0.00000   0.00000   0.00000
    6PZ     0.00000   0.00000  -0.43178   0.00000   0.00000
    7PX     0.00000  -0.33639   0.00000   0.00000   0.00000
    8PY    -0.33674   0.00000   0.00000   0.00000   0.00000
    9PZ     0.00000   0.00000  -1.11022   0.00000   0.00000
   10DXX    0.00000   0.00000  -0.52269   0.00000   0.00000
   11DXY    0.00000   0.00000   0.00000   0.00000   0.00000
   12DXZ    0.00000   0.88092   0.00000   0.00000   0.00000
   13DYY    0.00000   0.00000  -0.51312   0.00000   0.00000
   14DYZ    0.88091   0.00000   0.00000   0.00000   0.00000
   15DZZ    0.00000   0.00000   1.03581   0.00000   0.00000
   16S      0.00000   0.00000  -0.02816   0.00000   0.00000
   17S      0.00000   0.00000  -0.65408   0.00000   0.00000
   18S      0.00000   0.00000  -2.24118   0.00000   0.00000
   19PX     0.00000   0.00196   0.00000   0.00000   0.00000
   20PY     0.00059   0.00000   0.00000   0.00000   0.00000
   21PZ     0.00000   0.00000  -0.43178   0.00000   0.00000
   22PX     0.00000   0.33639   0.00000   0.00000   0.00000
   23PY     0.33674   0.00000   0.00000   0.00000   0.00000
   24PZ     0.00000   0.00000  -1.11022   0.00000   0.00000
   25DXX    0.00000   0.00000   0.52269   0.00000   0.00000
   26DXY    0.00000   0.00000   0.00000   0.00000   0.00000
   27DXZ    0.00000   0.88092   0.00000   0.00000   0.00000
   28DYY    0.00000   0.00000   0.51312   0.00000   0.00000
   29DYZ    0.88091   0.00000   0.00000   0.00000   0.00000
   30DZZ    0.00000   0.00000  -1.03581   0.00000   0.00000
 
 ALPHA MO COEFFICIENTS OF THE SECOND STATE                                       
 COEFFICIENTS OF SPHERICAL MOs
               1         2         3         4         5
            2.00000   2.00000   2.00000   2.00000   2.00000
 
    1s      0.70613   0.70610  -0.16584  -0.18642   0.06514
    2s      0.00317   0.00267   0.37980   0.44424  -0.14636
    3s     -0.00050  -0.00251  -0.25371  -0.40460   0.20419
    4py     0.00000   0.00000   0.00000   0.00000   0.00000
    5pz     0.00068   0.00098   0.17604  -0.09014   0.54655
    6px     0.00000   0.00000   0.00000   0.00000   0.00000
    7py     0.00000   0.00000   0.00000   0.00000   0.00000
    8pz    -0.00027   0.00098   0.02392   0.00358   0.13512
    9px     0.00000   0.00000   0.00000   0.00000   0.00000
   10d-2    0.00000   0.00000   0.00000   0.00000   0.00000
   11d-1    0.00000   0.00000   0.00000   0.00000   0.00000
   12d 0   -0.00006  -0.00041  -0.02492   0.01053  -0.02766
   13d+1    0.00000   0.00000   0.00000   0.00000   0.00000
   14d+2    0.00002   0.00002  -0.00123  -0.00192   0.00076
   15s      0.70613  -0.70610  -0.16584   0.18642   0.06514
   16s      0.00317  -0.00267   0.37980  -0.44424  -0.14636
   17s     -0.00050   0.00251  -0.25371   0.40460   0.20419
   18py     0.00000   0.00000   0.00000   0.00000   0.00000
   19pz    -0.00068   0.00098  -0.17604  -0.09014  -0.54655
   20px     0.00000   0.00000   0.00000   0.00000   0.00000
   21py     0.00000   0.00000   0.00000   0.00000   0.00000
   22pz     0.00027   0.00098  -0.02392   0.00358  -0.13512
   23px     0.00000   0.00000   0.00000   0.00000   0.00000
   24d-2    0.00000   0.00000   0.00000   0.00000   0.00000
   25d-1    0.00000   0.00000   0.00000   0.00000   0.00000
   26d 0   -0.00006   0.00041  -0.02492  -0.01053  -0.02766
   27d+1    0.00000   0.00000   0.00000   0.00000   0.00000
   28d+2    0.00002  -0.00002  -0.00123   0.00192   0.00076
               6         7         8         9        10
            2.00000   1.00000   1.00000   1.00000   0.00000
 
    1s      0.00000   0.00000   0.00000   0.00000  -0.06869
    2s      0.00000   0.00000   0.00000   0.00000   0.18942
    3s      0.00000   0.00000   0.00000   0.00000  -0.37055
    4py     0.55825   0.00000   0.64275   0.00000   0.00000
    5pz     0.00000   0.00000   0.00000   0.00000   0.68279
    6px     0.00000   0.57999   0.00000   0.64848   0.00000
    7py     0.17038   0.00000   0.21044   0.00000   0.00000
    8pz     0.00000   0.00000   0.00000   0.00000   0.38961
    9px     0.00000   0.14593   0.00000   0.19809   0.00000
   10d-2    0.00000   0.00000   0.00000   0.00000   0.00000
   11d-1   -0.03419   0.00000  -0.00048   0.00000   0.00000
   12d 0    0.00000   0.00000   0.00000   0.00000   0.02687
   13d+1    0.00000  -0.03201   0.00000  -0.00215   0.00000
   14d+2    0.00000   0.00000   0.00000   0.00000  -0.00154
   15s      0.00000   0.00000   0.00000   0.00000   0.06869
   16s      0.00000   0.00000   0.00000   0.00000  -0.18942
   17s      0.00000   0.00000   0.00000   0.00000   0.37055
   18py     0.55825   0.00000  -0.64275   0.00000   0.00000
   19pz     0.00000   0.00000   0.00000   0.00000   0.68279
   20px     0.00000   0.57999   0.00000  -0.64848   0.00000
   21py     0.17038   0.00000  -0.21044   0.00000   0.00000
   22pz     0.00000   0.00000   0.00000   0.00000   0.38961
   23px     0.00000   0.14593   0.00000  -0.19809   0.00000
   24d-2    0.00000   0.00000   0.00000   0.00000   0.00000
   25d-1    0.03419   0.00000  -0.00048   0.00000   0.00000
   26d 0    0.00000   0.00000   0.00000   0.00000  -0.02687
   27d+1    0.00000   0.03201   0.00000  -0.00215   0.00000
   28d+2    0.00000   0.00000   0.00000   0.00000   0.00154
              11        12        13        14        15
            0.00000   0.00000   0.00000   0.00000   0.00000
 
    1s     -0.04716   0.00000   0.00000  -0.01051   0.00000
    2s      0.06133   0.00000   0.00000   0.02609   0.00000
    3s     -0.96192   0.00000   0.00000   0.29821   0.00000
    4py     0.00000   0.00000  -0.57176   0.00000   0.00000
    5pz    -0.43886   0.00000   0.00000  -0.48622   0.00000
    6px     0.00000  -0.55031   0.00000   0.00000  -0.49364
    7py     0.00000   0.00000   0.64550   0.00000   0.00000
    8pz     1.35923   0.00000   0.00000   0.85342   0.00000
    9px     0.00000   0.65142   0.00000   0.00000   1.12102
   10d-2    0.00000   0.00000   0.00000   0.00000   0.00000
   11d-1    0.00000   0.00000   0.02018   0.00000   0.00000
   12d 0   -0.07331   0.00000   0.00000   0.09665   0.00000
   13d+1    0.00000   0.01759   0.00000   0.00000   0.01956
   14d+2   -0.00018   0.00000   0.00000  -0.00242   0.00000
   15s      0.04716   0.00000   0.00000  -0.01051   0.00000
   16s     -0.06133   0.00000   0.00000   0.02609   0.00000
   17s      0.96192   0.00000   0.00000   0.29821   0.00000
   18py     0.00000   0.00000  -0.57176   0.00000   0.00000
   19pz    -0.43886   0.00000   0.00000   0.48622   0.00000
   20px     0.00000  -0.55031   0.00000   0.00000   0.49364
   21py     0.00000   0.00000   0.64550   0.00000   0.00000
   22pz     1.35923   0.00000   0.00000  -0.85342   0.00000
   23px     0.00000   0.65142   0.00000   0.00000  -1.12102
   24d-2    0.00000   0.00000   0.00000   0.00000   0.00000
   25d-1    0.00000   0.00000  -0.02018   0.00000   0.00000
   26d 0    0.07331   0.00000   0.00000   0.09665   0.00000
   27d+1    0.00000  -0.01759   0.00000   0.00000   0.01956
   28d+2    0.00018   0.00000   0.00000  -0.00242   0.00000
              16        17        18        19        20
            0.00000   0.00000   0.00000   0.00000   0.00000
 
    1s      0.00000  -0.10209   0.00000   0.00000  -0.06780
    2s      0.00000   1.04118   0.00000   0.00000   1.25954
    3s      0.00000   0.94422   0.00000   0.00000   2.41958
    4py    -0.50108   0.00000   0.00000   0.08990   0.00000
    5pz     0.00000  -0.02683   0.00000   0.00000  -0.00323
    6px     0.00000   0.00000   0.08608   0.00000   0.00000
    7py     1.11887   0.00000   0.00000   0.04414   0.00000
    8pz     0.00000   0.04749   0.00000   0.00000  -1.02522
    9px     0.00000   0.00000   0.04478   0.00000   0.00000
   10d-2    0.00000   0.00000   0.00000   0.00000   0.00000
   11d-1    0.01903   0.00000   0.00000   0.62667   0.00000
   12d 0    0.00000  -0.15180   0.00000   0.00000  -0.18366
   13d+1    0.00000   0.00000   0.62686   0.00000   0.00000
   14d+2    0.00000   0.00490   0.00000   0.00000   0.01668
   15s      0.00000  -0.10209   0.00000   0.00000   0.06780
   16s      0.00000   1.04118   0.00000   0.00000  -1.25954
   17s      0.00000   0.94422   0.00000   0.00000  -2.41958
   18py     0.50108   0.00000   0.00000   0.08990   0.00000
   19pz     0.00000   0.02683   0.00000   0.00000  -0.00323
   20px     0.00000   0.00000   0.08608   0.00000   0.00000
   21py    -1.11887   0.00000   0.00000   0.04414   0.00000
   22pz     0.00000  -0.04749   0.00000   0.00000  -1.02522
   23px     0.00000   0.00000   0.04478   0.00000   0.00000
   24d-2    0.00000   0.00000   0.00000   0.00000   0.00000
   25d-1    0.01903   0.00000   0.00000  -0.62667   0.00000
   26d 0    0.00000  -0.15180   0.00000   0.00000   0.18366
   27d+1    0.00000   0.00000  -0.62686   0.00000   0.00000
   28d+2    0.00000   0.00490   0.00000   0.00000  -0.01668
              21        22        23        24        25
            0.00000   0.00000   0.00000   0.00000   0.00000
 
    1s      0.00000   0.00094   0.00000   0.00067  -0.04574
    2s      0.00000  -0.01249   0.00000  -0.03210   0.42818
    3s      0.00000  -0.00862   0.00000  -0.07421   0.16061
    4py     0.00000   0.00000   0.00000   0.00000   0.00000
    5pz     0.00000  -0.00652   0.00000   0.00444   0.33671
    6px     0.00000   0.00000   0.00000   0.00000   0.00000
    7py     0.00000   0.00000   0.00000   0.00000   0.00000
    8pz     0.00000   0.00690   0.00000   0.03294  -0.30997
    9px     0.00000   0.00000   0.00000   0.00000   0.00000
   10d-2    0.68500   0.00000   0.73151   0.00000   0.00000
   11d-1    0.00000   0.00000   0.00000   0.00000   0.00000
   12d 0    0.00000  -0.00764   0.00000  -0.00358   0.64832
   13d+1    0.00000   0.00000   0.00000   0.00000   0.00000
   14d+2    0.00000   0.68491   0.00000   0.73129   0.00956
   15s      0.00000   0.00094   0.00000  -0.00067  -0.04574
   16s      0.00000  -0.01249   0.00000   0.03210   0.42818
   17s      0.00000  -0.00862   0.00000   0.07421   0.16061
   18py     0.00000   0.00000   0.00000   0.00000   0.00000
   19pz     0.00000   0.00652   0.00000   0.00444  -0.33671
   20px     0.00000   0.00000   0.00000   0.00000   0.00000
   21py     0.00000   0.00000   0.00000   0.00000   0.00000
   22pz     0.00000  -0.00690   0.00000   0.03294   0.30997
   23px     0.00000   0.00000   0.00000   0.00000   0.00000
   24d-2    0.68500   0.00000  -0.73151   0.00000   0.00000
   25d-1    0.00000   0.00000   0.00000   0.00000   0.00000
   26d 0    0.00000  -0.00764   0.00000   0.00358   0.64832
   27d+1    0.00000   0.00000   0.00000   0.00000   0.00000
   28d+2    0.00000   0.68491   0.00000  -0.73129   0.00956
              26        27        28
            0.00000   0.00000   0.00000
 
    1s      0.00000   0.00000   0.02816
    2s      0.00000   0.00000   0.65408
    3s      0.00000   0.00000   2.24118
    4py     0.00000  -0.00196   0.00000
    5pz     0.00000   0.00000  -0.43178
    6px    -0.00059   0.00000   0.00000
    7py     0.00000  -0.33639   0.00000
    8pz     0.00000   0.00000  -1.11022
    9px    -0.33674   0.00000   0.00000
   10d-2    0.00000   0.00000   0.00000
   11d-1    0.00000   0.88092   0.00000
   12d 0    0.00000   0.00000   1.03581
   13d+1    0.88091   0.00000   0.00000
   14d+2    0.00000   0.00000   0.00553
   15s      0.00000   0.00000  -0.02816
   16s      0.00000   0.00000  -0.65408
   17s      0.00000   0.00000  -2.24118
   18py     0.00000   0.00196   0.00000
   19pz     0.00000   0.00000  -0.43178
   20px     0.00059   0.00000   0.00000
   21py     0.00000   0.33639   0.00000
   22pz     0.00000   0.00000  -1.11022
   23px     0.33674   0.00000   0.00000
   24d-2    0.00000   0.00000   0.00000
   25d-1    0.00000   0.88092   0.00000
   26d 0    0.00000   0.00000  -1.03581
   27d+1    0.88091   0.00000   0.00000
   28d+2    0.00000   0.00000  -0.00553
 
 ALPHA MO COEFFICIENTS OF THE SECOND STATE                                       
 COEFFICIENTS OF CARTESIAN
               1         2         3         4         5
            2.00000   2.00000   2.00000   2.00000   2.00000
 
    1S      0.70613   0.70610  -0.16584  -0.18642   0.06514
    2S      0.00317   0.00267   0.37980   0.44424  -0.14636
    3S     -0.00050  -0.00251  -0.25371  -0.40460   0.20419
    4PX     0.00000   0.00000   0.00000   0.00000   0.00000
    5PY     0.00000   0.00000   0.00000   0.00000   0.00000
    6PZ     0.00068   0.00098   0.17604  -0.09014   0.54655
    7PX     0.00000   0.00000   0.00000   0.00000   0.00000
    8PY     0.00000   0.00000   0.00000   0.00000   0.00000
    9PZ    -0.00027   0.00098   0.02392   0.00358   0.13512
   10DXX    0.00005   0.00022   0.01140  -0.00693   0.01449
   11DXY    0.00000   0.00000   0.00000   0.00000   0.00000
   12DXZ    0.00000   0.00000   0.00000   0.00000   0.00000
   13DYY    0.00002   0.00019   0.01353  -0.00360   0.01317
   14DYZ    0.00000   0.00000   0.00000   0.00000   0.00000
   15DZZ   -0.00006  -0.00041  -0.02492   0.01053  -0.02766
   16S      0.70613  -0.70610  -0.16584   0.18642   0.06514
   17S      0.00317  -0.00267   0.37980  -0.44424  -0.14636
   18S     -0.00050   0.00251  -0.25371   0.40460   0.20419
   19PX     0.00000   0.00000   0.00000   0.00000   0.00000
   20PY     0.00000   0.00000   0.00000   0.00000   0.00000
   21PZ    -0.00068   0.00098  -0.17604  -0.09014  -0.54655
   22PX     0.00000   0.00000   0.00000   0.00000   0.00000
   23PY     0.00000   0.00000   0.00000   0.00000   0.00000
   24PZ     0.00027   0.00098  -0.02392   0.00358  -0.13512
   25DXX    0.00005  -0.00022   0.01140   0.00693   0.01449
   26DXY    0.00000   0.00000   0.00000   0.00000   0.00000
   27DXZ    0.00000   0.00000   0.00000   0.00000   0.00000
   28DYY    0.00002  -0.00019   0.01353   0.00360   0.01317
   29DYZ    0.00000   0.00000   0.00000   0.00000   0.00000
   30DZZ   -0.00006   0.00041  -0.02492  -0.01053  -0.02766
               6         7         8         9        10
            2.00000   1.00000   1.00000   1.00000   0.00000
 
    1S      0.00000   0.00000   0.00000   0.00000  -0.06869
    2S      0.00000   0.00000   0.00000   0.00000   0.18942
    3S      0.00000   0.00000   0.00000   0.00000  -0.37055
    4PX     0.00000   0.57999   0.00000   0.64848   0.00000
    5PY     0.55825   0.00000   0.64275   0.00000   0.00000
    6PZ     0.00000   0.00000   0.00000   0.00000   0.68279
    7PX     0.00000   0.14593   0.00000   0.19809   0.00000
    8PY     0.17038   0.00000   0.21044   0.00000   0.00000
    9PZ     0.00000   0.00000   0.00000   0.00000   0.38961
   10DXX    0.00000   0.00000   0.00000   0.00000  -0.01477
   11DXY    0.00000   0.00000   0.00000   0.00000   0.00000
   12DXZ    0.00000  -0.03201   0.00000  -0.00215   0.00000
   13DYY    0.00000   0.00000   0.00000   0.00000  -0.01210
   14DYZ   -0.03419   0.00000  -0.00048   0.00000   0.00000
   15DZZ    0.00000   0.00000   0.00000   0.00000   0.02687
   16S      0.00000   0.00000   0.00000   0.00000   0.06869
   17S      0.00000   0.00000   0.00000   0.00000  -0.18942
   18S      0.00000   0.00000   0.00000   0.00000   0.37055
   19PX     0.00000   0.57999   0.00000  -0.64848   0.00000
   20PY     0.55825   0.00000  -0.64275   0.00000   0.00000
   21PZ     0.00000   0.00000   0.00000   0.00000   0.68279
   22PX     0.00000   0.14593   0.00000  -0.19809   0.00000
   23PY     0.17038   0.00000  -0.21044   0.00000   0.00000
   24PZ     0.00000   0.00000   0.00000   0.00000   0.38961
   25DXX    0.00000   0.00000   0.00000   0.00000   0.01477
   26DXY    0.00000   0.00000   0.00000   0.00000   0.00000
   27DXZ    0.00000   0.03201   0.00000  -0.00215   0.00000
   28DYY    0.00000   0.00000   0.00000   0.00000   0.01210
   29DYZ    0.03419   0.00000  -0.00048   0.00000   0.00000
   30DZZ    0.00000   0.00000   0.00000   0.00000  -0.02687
              11        12        13        14        15
            0.00000   0.00000   0.00000   0.00000   0.00000
 
    1S     -0.04716   0.00000   0.00000  -0.01051   0.00000
    2S      0.06133   0.00000   0.00000   0.02609   0.00000
    3S     -0.96192   0.00000   0.00000   0.29821   0.00000
    4PX     0.00000  -0.55031   0.00000   0.00000  -0.49364
    5PY     0.00000   0.00000  -0.57176   0.00000   0.00000
    6PZ    -0.43886   0.00000   0.00000  -0.48622   0.00000
    7PX     0.00000   0.65142   0.00000   0.00000   1.12102
    8PY     0.00000   0.00000   0.64550   0.00000   0.00000
    9PZ     1.35923   0.00000   0.00000   0.85342   0.00000
   10DXX    0.03650   0.00000   0.00000  -0.05042   0.00000
   11DXY    0.00000   0.00000   0.00000   0.00000   0.00000
   12DXZ    0.00000   0.01759   0.00000   0.00000   0.01956
   13DYY    0.03681   0.00000   0.00000  -0.04623   0.00000
   14DYZ    0.00000   0.00000   0.02018   0.00000   0.00000
   15DZZ   -0.07331   0.00000   0.00000   0.09665   0.00000
   16S      0.04716   0.00000   0.00000  -0.01051   0.00000
   17S     -0.06133   0.00000   0.00000   0.02609   0.00000
   18S      0.96192   0.00000   0.00000   0.29821   0.00000
   19PX     0.00000  -0.55031   0.00000   0.00000   0.49364
   20PY     0.00000   0.00000  -0.57176   0.00000   0.00000
   21PZ    -0.43886   0.00000   0.00000   0.48622   0.00000
   22PX     0.00000   0.65142   0.00000   0.00000  -1.12102
   23PY     0.00000   0.00000   0.64550   0.00000   0.00000
   24PZ     1.35923   0.00000   0.00000  -0.85342   0.00000
   25DXX   -0.03650   0.00000   0.00000  -0.05042   0.00000
   26DXY    0.00000   0.00000   0.00000   0.00000   0.00000
   27DXZ    0.00000  -0.01759   0.00000   0.00000   0.01956
   28DYY   -0.03681   0.00000   0.00000  -0.04623   0.00000
   29DYZ    0.00000   0.00000  -0.02018   0.00000   0.00000
   30DZZ    0.07331   0.00000   0.00000   0.09665   0.00000
              16        17        18        19        20
            0.00000   0.00000   0.00000   0.00000   0.00000
 
    1S      0.00000  -0.10209   0.00000   0.00000  -0.06780
    2S      0.00000   1.04118   0.00000   0.00000   1.25954
    3S      0.00000   0.94422   0.00000   0.00000   2.41958
    4PX     0.00000   0.00000   0.08608   0.00000   0.00000
    5PY    -0.50108   0.00000   0.00000   0.08990   0.00000
    6PZ     0.00000  -0.02683   0.00000   0.00000  -0.00323
    7PX     0.00000   0.00000   0.04478   0.00000   0.00000
    8PY     1.11887   0.00000   0.00000   0.04414   0.00000
    9PZ     0.00000   0.04749   0.00000   0.00000  -1.02522
   10DXX    0.00000   0.08014   0.00000   0.00000   0.10628
   11DXY    0.00000   0.00000   0.00000   0.00000   0.00000
   12DXZ    0.00000   0.00000   0.62686   0.00000   0.00000
   13DYY    0.00000   0.07166   0.00000   0.00000   0.07738
   14DYZ    0.01903   0.00000   0.00000   0.62667   0.00000
   15DZZ    0.00000  -0.15180   0.00000   0.00000  -0.18366
   16S      0.00000  -0.10209   0.00000   0.00000   0.06780
   17S      0.00000   1.04118   0.00000   0.00000  -1.25954
   18S      0.00000   0.94422   0.00000   0.00000  -2.41958
   19PX     0.00000   0.00000   0.08608   0.00000   0.00000
   20PY     0.50108   0.00000   0.00000   0.08990   0.00000
   21PZ     0.00000   0.02683   0.00000   0.00000  -0.00323
   22PX     0.00000   0.00000   0.04478   0.00000   0.00000
   23PY    -1.11887   0.00000   0.00000   0.04414   0.00000
   24PZ     0.00000  -0.04749   0.00000   0.00000  -1.02522
   25DXX    0.00000   0.08014   0.00000   0.00000  -0.10628
   26DXY    0.00000   0.00000   0.00000   0.00000   0.00000
   27DXZ    0.00000   0.00000  -0.62686   0.00000   0.00000
   28DYY    0.00000   0.07166   0.00000   0.00000  -0.07738
   29DYZ    0.01903   0.00000   0.00000  -0.62667   0.00000
   30DZZ    0.00000  -0.15180   0.00000   0.00000   0.18366
              21        22        23        24        25
            0.00000   0.00000   0.00000   0.00000   0.00000
 
    1S      0.00000   0.00094   0.00000   0.00067  -0.04574
    2S      0.00000  -0.01249   0.00000  -0.03210   0.42818
    3S      0.00000  -0.00862   0.00000  -0.07421   0.16061
    4PX     0.00000   0.00000   0.00000   0.00000   0.00000
    5PY     0.00000   0.00000   0.00000   0.00000   0.00000
    6PZ     0.00000  -0.00652   0.00000   0.00444   0.33671
    7PX     0.00000   0.00000   0.00000   0.00000   0.00000
    8PY     0.00000   0.00000   0.00000   0.00000   0.00000
    9PZ     0.00000   0.00690   0.00000   0.03294  -0.30997
   10DXX    0.00000   0.59697   0.00000   0.63510  -0.31588
   11DXY    0.68500   0.00000   0.73151   0.00000   0.00000
   12DXZ    0.00000   0.00000   0.00000   0.00000   0.00000
   13DYY    0.00000  -0.58933   0.00000  -0.63153  -0.33244
   14DYZ    0.00000   0.00000   0.00000   0.00000   0.00000
   15DZZ    0.00000  -0.00764   0.00000  -0.00358   0.64832
   16S      0.00000   0.00094   0.00000  -0.00067  -0.04574
   17S      0.00000  -0.01249   0.00000   0.03210   0.42818
   18S      0.00000  -0.00862   0.00000   0.07421   0.16061
   19PX     0.00000   0.00000   0.00000   0.00000   0.00000
   20PY     0.00000   0.00000   0.00000   0.00000   0.00000
   21PZ     0.00000   0.00652   0.00000   0.00444  -0.33671
   22PX     0.00000   0.00000   0.00000   0.00000   0.00000
   23PY     0.00000   0.00000   0.00000   0.00000   0.00000
   24PZ     0.00000  -0.00690   0.00000   0.03294   0.30997
   25DXX    0.00000   0.59697   0.00000  -0.63510  -0.31588
   26DXY    0.68500   0.00000  -0.73151   0.00000   0.00000
   27DXZ    0.00000   0.00000   0.00000   0.00000   0.00000
   28DYY    0.00000  -0.58933   0.00000   0.63153  -0.33244
   29DYZ    0.00000   0.00000   0.00000   0.00000   0.00000
   30DZZ    0.00000  -0.00764   0.00000   0.00358   0.64832
              26        27        28        29        30
            0.00000   0.00000   0.00000   0.00000   0.00000
 
    1S      0.00000   0.00000   0.02816   0.00000   0.00000
    2S      0.00000   0.00000   0.65408   0.00000   0.00000
    3S      0.00000   0.00000   2.24118   0.00000   0.00000
    4PX    -0.00059   0.00000   0.00000   0.00000   0.00000
    5PY     0.00000  -0.00196   0.00000   0.00000   0.00000
    6PZ     0.00000   0.00000  -0.43178   0.00000   0.00000
    7PX    -0.33674   0.00000   0.00000   0.00000   0.00000
    8PY     0.00000  -0.33639   0.00000   0.00000   0.00000
    9PZ     0.00000   0.00000  -1.11022   0.00000   0.00000
   10DXX    0.00000   0.00000  -0.51312   0.00000   0.00000
   11DXY    0.00000   0.00000   0.00000   0.00000   0.00000
   12DXZ    0.88091   0.00000   0.00000   0.00000   0.00000
   13DYY    0.00000   0.00000  -0.52269   0.00000   0.00000
   14DYZ    0.00000   0.88092   0.00000   0.00000   0.00000
   15DZZ    0.00000   0.00000   1.03581   0.00000   0.00000
   16S      0.00000   0.00000  -0.02816   0.00000   0.00000
   17S      0.00000   0.00000  -0.65408   0.00000   0.00000
   18S      0.00000   0.00000  -2.24118   0.00000   0.00000
   19PX     0.00059   0.00000   0.00000   0.00000   0.00000
   20PY     0.00000   0.00196   0.00000   0.00000   0.00000
   21PZ     0.00000   0.00000  -0.43178   0.00000   0.00000
   22PX     0.33674   0.00000   0.00000   0.00000   0.00000
   23PY     0.00000   0.33639   0.00000   0.00000   0.00000
   24PZ     0.00000   0.00000  -1.11022   0.00000   0.00000
   25DXX    0.00000   0.00000   0.51312   0.00000   0.00000
   26DXY    0.00000   0.00000   0.00000   0.00000   0.00000
   27DXZ    0.88091   0.00000   0.00000   0.00000   0.00000
   28DYY    0.00000   0.00000   0.52269   0.00000   0.00000
   29DYZ    0.00000   0.88092   0.00000   0.00000   0.00000
   30DZZ    0.00000   0.00000  -1.03581   0.00000   0.00000
