 Sn  0
 s   6  1.00
       245047.360        -0.161620000E-02
       36750.0260        -0.123711000E-01
       8342.77350        -0.621339000E-01
       2347.47230        -0.216397700    
       762.836200        -0.462974900    
       262.737930        -0.384447800    
 s   3  1.00
       498.732830        -0.113605200    
       60.9504580         0.632718200    
       26.3056100         0.441608600    
 s   3  1.00
       48.3039130        -0.265535900    
       8.66714370         0.830889700    
       3.95646920         0.317672400    
 s   3  1.00
       7.76814460        -0.327576500    
       1.75268360         0.793946800    
      0.770296100         0.404934100    
 s   2  1.00
       1.20051550        -0.214842000    
      0.194702600         0.702611400    
 s   1  1.00
      0.742741000E-01      1.00000000    
 p   5  1.00
       3581.69690        -0.736590000E-02
       846.744340        -0.567097000E-01
       270.732080        -0.236337500    
       98.2183720        -0.506028400    
       37.4960670        -0.362604600    
 p   3  1.00
       146.343380         0.248184000E-01
       17.9099630        -0.496192600    
       6.91641320        -0.574425600    
 p   3  1.00
       3.08060130         0.419303800    
       1.31196840         0.528903900    
      0.558685900         0.139170100    
 p   2  1.00
      0.300903700        -0.299925000    
      0.115427300        -0.561515500    
 p   1  1.00
      0.434033000E-01      1.00000000    
 d   5  1.00
       354.240330        -0.132982000E-01
       104.710750        -0.943270000E-01
       38.6067210        -0.311078200    
       15.3717900        -0.499583900    
       6.09218330        -0.306913800    
 d   3  1.00
       4.84719880        -0.266455800    
       1.72875630        -0.558161400    
      0.565428300        -0.376159100    
 d   1  1.00
      0.154000000          1.00000000    
****
Cl    0
 s   6  1.00
       26351.4580         0.173240000E-02
       3945.05670         0.133109000E-01
       892.438350         0.666748000E-01
       249.417430         0.230050600    
       79.7215720         0.474230700    
       26.8311450         0.359524000    
 s   3  1.00
       52.7853010        -0.956296000E-01
       5.61564290         0.588084000    
       2.10590760         0.486698200    
 s   2  1.00
       3.55861490         0.180689100    
      0.484798100        -0.688482900    
 s   1  1.00
      0.173331000          1.00000000    
 p   5  1.00
       271.078210        -0.109257000E-01
       63.5472080        -0.775909000E-01
       19.7371090        -0.277515900    
       6.78899370        -0.503193300    
       2.34803030        -0.334842600    
 p   2  1.00
       1.10668640        -0.276538100    
      0.382968000        -0.546676800    
 p   1  1.00
      0.125113300          1.00000000    
 d   1  1.00
      0.750000000          1.00000000    
END
