Fe  0
 S   6  1.00
       61430.2270         0.175590000E-02
       9222.17600         0.134169000E-01
       2097.59690         0.666954000E-01
       591.490400         0.228205100    
       191.860620         0.469449900    
       65.8263280         0.363556900    
 S   3  1.00
       128.740740        -0.104916800    
       14.7181330         0.617961900    
       5.95075430         0.456009300    
 S   3  1.00
       10.8598790         0.218491700    
       1.71944710        -0.711331000    
      0.666453200        -0.418694700    
 S   2  1.00
      0.975476100        -0.144105400    
      0.123114300         0.595813400    
 S   1  1.00
      0.448795000E-01      1.00000000    
 P   5  1.00
       780.620300        -0.912170000E-02
       184.006220        -0.680040000E-01
       58.0844670        -0.259768100    
       20.7597950        -0.506013800    
       7.59345150        -0.341908200    
 P   3  1.00
       4.02791730        -0.327296200    
       1.52647000        -0.548150000    
      0.557370200        -0.250662900    
 P   1  1.00
      0.121000000          1.00000000    
 D   4  1.00
       23.9293160        -0.634921000E-01
       6.39990130        -0.278391300    
       1.93174170        -0.493819500    
      0.511527900        -0.486269400    
 D   1  1.00
      0.900000000E-01      1.00000000    
END
