 
 ALPHA MO COEFFICIENTS OF THE FIRST STATE                                        
 COEFFICIENTS OF SPHERICAL MOs
               1         2         3         4         5
            2.00000   2.00000   2.00000   2.00000   2.00000
 
    1s      0.99594  -0.33252   0.00000   0.00000   0.00000
    2s      0.01321   1.04737   0.00000   0.00000   0.00000
    3s      0.00261  -0.00720   0.00000   0.00000   0.00000
    4s      0.00109  -0.00085   0.00000   0.00000   0.00000
    5s     -0.00056   0.00056   0.00000   0.00000   0.00000
    6py     0.00000   0.00000   0.00000   0.99501   0.00000
    7pz     0.00000   0.00000   0.99498   0.00000   0.00000
    8px     0.00000   0.00000   0.00000   0.00000   0.99501
    9py     0.00000   0.00000   0.00000   0.01355   0.00000
   10pz     0.00000   0.00000   0.01362   0.00000   0.00000
   11px     0.00000   0.00000   0.00000   0.00000   0.01355
   12py     0.00000   0.00000   0.00000   0.00168   0.00000
   13pz     0.00000   0.00000   0.00172   0.00000   0.00000
   14px     0.00000   0.00000   0.00000   0.00000   0.00168
   15d-2    0.00000   0.00000   0.00000   0.00000   0.00000
   16d-1    0.00000   0.00000   0.00000   0.00000   0.00000
   17d 0   -0.00000  -0.00022   0.00000   0.00000   0.00000
   18d+1    0.00000   0.00000   0.00000   0.00000   0.00000
   19d+2    0.00000   0.00000   0.00000   0.00000   0.00000
   20d-2    0.00000   0.00000   0.00000   0.00000   0.00000
   21d-1    0.00000   0.00000   0.00000   0.00000   0.00000
   22d 0   -0.00000  -0.00007   0.00000   0.00000   0.00000
   23d+1    0.00000   0.00000   0.00000   0.00000   0.00000
   24d+2    0.00000  -0.00000   0.00000   0.00000   0.00000
               6         7         8         9        10
            2.00000   2.00000   2.00000   2.00000   2.00000
 
    1s     -0.12593   0.00000   0.00000   0.00000   0.00000
    2s      0.46681   0.00000   0.00000   0.00000   0.00000
    3s      1.09271   0.00000   0.00000   0.00000   0.00000
    4s      0.01046   0.00000   0.00000   0.00000   0.00000
    5s     -0.00767   0.00000   0.00000   0.00000   0.00000
    6py     0.00000   0.00000  -0.40479   0.00000   0.00000
    7pz     0.00000  -0.40501   0.00000   0.00000   0.00000
    8px     0.00000   0.00000   0.00000  -0.40479   0.00000
    9py     0.00000   0.00000   1.07628   0.00000   0.00000
   10pz     0.00000   1.07681   0.00000   0.00000   0.00000
   11px     0.00000   0.00000   0.00000   1.07628   0.00000
   12py     0.00000   0.00000   0.00801   0.00000   0.00000
   13pz     0.00000   0.00989   0.00000   0.00000   0.00000
   14px     0.00000   0.00000   0.00000   0.00801   0.00000
   15d-2    0.00000   0.00000   0.00000   0.00000   0.98590
   16d-1    0.00000   0.00000   0.00000   0.00000   0.00000
   17d 0    0.00523   0.00000   0.00000   0.00000   0.00000
   18d+1    0.00000   0.00000   0.00000   0.00000   0.00000
   19d+2   -0.00000   0.00000   0.00000   0.00000   0.00000
   20d-2    0.00000   0.00000   0.00000   0.00000  -0.06834
   21d-1    0.00000   0.00000   0.00000   0.00000   0.00000
   22d 0    0.00121   0.00000   0.00000   0.00000   0.00000
   23d+1    0.00000   0.00000   0.00000   0.00000   0.00000
   24d+2    0.00000   0.00000   0.00000   0.00000   0.00000
              11        12        13        14        15
            1.00000   1.00000   1.00000   1.00000   1.00000
 
    1s      0.00082   0.00000   0.00000  -0.00000  -0.03394
    2s     -0.00318   0.00000   0.00000   0.00000   0.13167
    3s     -0.00780   0.00000   0.00000   0.00000   0.33904
    4s     -0.00882   0.00000   0.00000  -0.00000   0.92309
    5s      0.00170   0.00000   0.00000   0.00000   0.14372
    6py     0.00000   0.00000   0.00000   0.00000   0.00000
    7pz     0.00000   0.00000   0.00000   0.00000   0.00000
    8px     0.00000   0.00000   0.00000   0.00000   0.00000
    9py     0.00000   0.00000   0.00000   0.00000   0.00000
   10pz     0.00000   0.00000   0.00000   0.00000   0.00000
   11px     0.00000   0.00000   0.00000   0.00000   0.00000
   12py     0.00000   0.00000   0.00000   0.00000   0.00000
   13pz     0.00000   0.00000   0.00000   0.00000   0.00000
   14px     0.00000   0.00000   0.00000   0.00000   0.00000
   15d-2    0.00000   0.00000   0.00000   0.00000   0.00000
   16d-1    0.00000   0.00000   0.99145   0.00000   0.00000
   17d 0    0.99177   0.00000   0.00000   0.00000   0.00929
   18d+1    0.00000   0.99145   0.00000   0.00000   0.00000
   19d+2   -0.00000   0.00000   0.00000   0.99014   0.00000
   20d-2    0.00000   0.00000   0.00000   0.00000   0.00000
   21d-1    0.00000   0.00000  -0.04399   0.00000   0.00000
   22d 0   -0.04230   0.00000   0.00000  -0.00000   0.01102
   23d+1    0.00000  -0.04399   0.00000   0.00000   0.00000
   24d+2   -0.00000   0.00000   0.00000  -0.04997   0.00000
              16        17        18        19        20
            0.00000   0.00000   0.00000   0.00000   0.00000
 
    1s      0.00000   0.00000   0.00000   0.01637   0.00000
    2s      0.00000   0.00000   0.00000  -0.11202   0.00000
    3s      0.00000   0.00000   0.00000  -0.01730   0.00000
    4s      0.00000   0.00000   0.00000  -1.70212   0.00000
    5s      0.00000   0.00000   0.00000   1.90914   0.00000
    6py     0.00000   0.00000  -0.09237   0.00000   0.00000
    7pz    -0.09168   0.00000   0.00000   0.00000   0.00000
    8px     0.00000  -0.09237   0.00000   0.00000   0.00000
    9py     0.00000   0.00000   0.29385   0.00000   0.00000
   10pz     0.29190   0.00000   0.00000   0.00000   0.00000
   11px     0.00000   0.29385   0.00000   0.00000   0.00000
   12py     0.00000   0.00000   1.03891   0.00000   0.00000
   13pz     1.03890   0.00000   0.00000   0.00000   0.00000
   14px     0.00000   1.03891   0.00000   0.00000   0.00000
   15d-2    0.00000   0.00000   0.00000   0.00000   0.24270
   16d-1    0.00000   0.00000   0.00000   0.00000   0.00000
   17d 0    0.00000   0.00000   0.00000  -0.00685   0.00000
   18d+1    0.00000   0.00000   0.00000   0.00000   0.00000
   19d+2    0.00000   0.00000   0.00000  -0.00000   0.00000
   20d-2    0.00000   0.00000   0.00000   0.00000   1.01303
   21d-1    0.00000   0.00000   0.00000   0.00000   0.00000
   22d 0    0.00000   0.00000   0.00000  -0.02548   0.00000
   23d+1    0.00000   0.00000   0.00000   0.00000   0.00000
   24d+2    0.00000   0.00000   0.00000   0.00000   0.00000
              21        22        23        24
            0.00000   0.00000   0.00000   0.00000
 
    1s      0.00094   0.00000   0.00000   0.00000
    2s     -0.00486   0.00000   0.00000  -0.00000
    3s     -0.00575   0.00000   0.00000  -0.00000
    4s     -0.05318   0.00000   0.00000   0.00000
    5s      0.04649   0.00000   0.00000  -0.00000
    6py     0.00000   0.00000   0.00000   0.00000
    7pz     0.00000   0.00000   0.00000   0.00000
    8px     0.00000   0.00000   0.00000   0.00000
    9py     0.00000   0.00000   0.00000   0.00000
   10pz     0.00000   0.00000   0.00000   0.00000
   11px     0.00000   0.00000   0.00000   0.00000
   12py     0.00000   0.00000   0.00000   0.00000
   13pz     0.00000   0.00000   0.00000   0.00000
   14px     0.00000   0.00000   0.00000   0.00000
   15d-2    0.00000   0.00000   0.00000   0.00000
   16d-1    0.00000   0.00000   0.21895   0.00000
   17d 0    0.21710   0.00000   0.00000   0.00000
   18d+1    0.00000   0.21895   0.00000   0.00000
   19d+2    0.00000   0.00000   0.00000   0.22479
   20d-2    0.00000   0.00000   0.00000   0.00000
   21d-1    0.00000   0.00000   1.01438   0.00000
   22d 0    1.01407   0.00000   0.00000   0.00000
   23d+1    0.00000   1.01438   0.00000   0.00000
   24d+2   -0.00000   0.00000   0.00000   1.01410
 
 ALPHA MO COEFFICIENTS OF THE FIRST STATE                                        
 COEFFICIENTS OF CARTESIAN
               1         2         3         4         5
            2.00000   2.00000   2.00000   2.00000   2.00000
 
    1S      0.99594  -0.33252   0.00000   0.00000   0.00000
    2S      0.01321   1.04737   0.00000   0.00000   0.00000
    3S      0.00261  -0.00720   0.00000   0.00000   0.00000
    4S      0.00109  -0.00085   0.00000   0.00000   0.00000
    5S     -0.00056   0.00056   0.00000   0.00000   0.00000
    6PX     0.00000   0.00000   0.00000   0.00000   0.99501
    7PY     0.00000   0.00000   0.00000   0.99501   0.00000
    8PZ     0.00000   0.00000   0.99498   0.00000   0.00000
    9PX     0.00000   0.00000   0.00000   0.00000   0.01355
   10PY     0.00000   0.00000   0.00000   0.01355   0.00000
   11PZ     0.00000   0.00000   0.01362   0.00000   0.00000
   12PX     0.00000   0.00000   0.00000   0.00000   0.00168
   13PY     0.00000   0.00000   0.00000   0.00168   0.00000
   14PZ     0.00000   0.00000   0.00172   0.00000   0.00000
   15DXX    0.00000   0.00011   0.00000   0.00000   0.00000
   16DXY    0.00000   0.00000   0.00000   0.00000   0.00000
   17DXZ    0.00000   0.00000   0.00000   0.00000   0.00000
   18DYY    0.00000   0.00011   0.00000   0.00000   0.00000
   19DYZ    0.00000   0.00000   0.00000   0.00000   0.00000
   20DZZ   -0.00000  -0.00022   0.00000   0.00000   0.00000
   21DXX    0.00000   0.00003   0.00000   0.00000   0.00000
   22DXY    0.00000   0.00000   0.00000   0.00000   0.00000
   23DXZ    0.00000   0.00000   0.00000   0.00000   0.00000
   24DYY    0.00000   0.00003   0.00000   0.00000   0.00000
   25DYZ    0.00000   0.00000   0.00000   0.00000   0.00000
   26DZZ   -0.00000  -0.00007   0.00000   0.00000   0.00000
               6         7         8         9        10
            2.00000   2.00000   2.00000   2.00000   2.00000
 
    1S     -0.12593   0.00000   0.00000   0.00000   0.00000
    2S      0.46681   0.00000   0.00000   0.00000   0.00000
    3S      1.09271   0.00000   0.00000   0.00000   0.00000
    4S      0.01046   0.00000   0.00000   0.00000   0.00000
    5S     -0.00767   0.00000   0.00000   0.00000   0.00000
    6PX     0.00000   0.00000   0.00000  -0.40479   0.00000
    7PY     0.00000   0.00000  -0.40479   0.00000   0.00000
    8PZ     0.00000  -0.40501   0.00000   0.00000   0.00000
    9PX     0.00000   0.00000   0.00000   1.07628   0.00000
   10PY     0.00000   0.00000   1.07628   0.00000   0.00000
   11PZ     0.00000   1.07681   0.00000   0.00000   0.00000
   12PX     0.00000   0.00000   0.00000   0.00801   0.00000
   13PY     0.00000   0.00000   0.00801   0.00000   0.00000
   14PZ     0.00000   0.00989   0.00000   0.00000   0.00000
   15DXX   -0.00262   0.00000   0.00000   0.00000   0.00000
   16DXY    0.00000   0.00000   0.00000   0.00000   0.98590
   17DXZ    0.00000   0.00000   0.00000   0.00000   0.00000
   18DYY   -0.00262   0.00000   0.00000   0.00000   0.00000
   19DYZ    0.00000   0.00000   0.00000   0.00000   0.00000
   20DZZ    0.00523   0.00000   0.00000   0.00000   0.00000
   21DXX   -0.00060   0.00000   0.00000   0.00000   0.00000
   22DXY    0.00000   0.00000   0.00000   0.00000  -0.06834
   23DXZ    0.00000   0.00000   0.00000   0.00000   0.00000
   24DYY   -0.00060   0.00000   0.00000   0.00000   0.00000
   25DYZ    0.00000   0.00000   0.00000   0.00000   0.00000
   26DZZ    0.00121   0.00000   0.00000   0.00000   0.00000
              11        12        13        14        15
            1.00000   1.00000   1.00000   1.00000   1.00000
 
    1S      0.00082   0.00000   0.00000  -0.00000  -0.03394
    2S     -0.00318   0.00000   0.00000   0.00000   0.13167
    3S     -0.00780   0.00000   0.00000   0.00000   0.33904
    4S     -0.00882   0.00000   0.00000  -0.00000   0.92309
    5S      0.00170   0.00000   0.00000   0.00000   0.14372
    6PX     0.00000   0.00000   0.00000   0.00000   0.00000
    7PY     0.00000   0.00000   0.00000   0.00000   0.00000
    8PZ     0.00000   0.00000   0.00000   0.00000   0.00000
    9PX     0.00000   0.00000   0.00000   0.00000   0.00000
   10PY     0.00000   0.00000   0.00000   0.00000   0.00000
   11PZ     0.00000   0.00000   0.00000   0.00000   0.00000
   12PX     0.00000   0.00000   0.00000   0.00000   0.00000
   13PY     0.00000   0.00000   0.00000   0.00000   0.00000
   14PZ     0.00000   0.00000   0.00000   0.00000   0.00000
   15DXX   -0.49589   0.00000   0.00000   0.85748  -0.00465
   16DXY    0.00000   0.00000   0.00000   0.00000   0.00000
   17DXZ    0.00000   0.99145   0.00000   0.00000   0.00000
   18DYY   -0.49589   0.00000   0.00000  -0.85748  -0.00465
   19DYZ    0.00000   0.00000   0.99145   0.00000   0.00000
   20DZZ    0.99177   0.00000   0.00000   0.00000   0.00929
   21DXX    0.02115   0.00000   0.00000  -0.04327  -0.00551
   22DXY    0.00000   0.00000   0.00000   0.00000   0.00000
   23DXZ    0.00000  -0.04399   0.00000   0.00000   0.00000
   24DYY    0.02115   0.00000   0.00000   0.04327  -0.00551
   25DYZ    0.00000   0.00000  -0.04399   0.00000   0.00000
   26DZZ   -0.04230   0.00000   0.00000  -0.00000   0.01102
              16        17        18        19        20
            0.00000   0.00000   0.00000   0.00000   0.00000
 
    1S      0.00000   0.00000   0.00000   0.01637   0.00000
    2S      0.00000   0.00000   0.00000  -0.11202   0.00000
    3S      0.00000   0.00000   0.00000  -0.01730   0.00000
    4S      0.00000   0.00000   0.00000  -1.70212   0.00000
    5S      0.00000   0.00000   0.00000   1.90914   0.00000
    6PX     0.00000  -0.09237   0.00000   0.00000   0.00000
    7PY     0.00000   0.00000  -0.09237   0.00000   0.00000
    8PZ    -0.09168   0.00000   0.00000   0.00000   0.00000
    9PX     0.00000   0.29385   0.00000   0.00000   0.00000
   10PY     0.00000   0.00000   0.29385   0.00000   0.00000
   11PZ     0.29190   0.00000   0.00000   0.00000   0.00000
   12PX     0.00000   1.03891   0.00000   0.00000   0.00000
   13PY     0.00000   0.00000   1.03891   0.00000   0.00000
   14PZ     1.03890   0.00000   0.00000   0.00000   0.00000
   15DXX    0.00000   0.00000   0.00000   0.00343   0.00000
   16DXY    0.00000   0.00000   0.00000   0.00000   0.24270
   17DXZ    0.00000   0.00000   0.00000   0.00000   0.00000
   18DYY    0.00000   0.00000   0.00000   0.00343   0.00000
   19DYZ    0.00000   0.00000   0.00000   0.00000   0.00000
   20DZZ    0.00000   0.00000   0.00000  -0.00685   0.00000
   21DXX    0.00000   0.00000   0.00000   0.01274   0.00000
   22DXY    0.00000   0.00000   0.00000   0.00000   1.01303
   23DXZ    0.00000   0.00000   0.00000   0.00000   0.00000
   24DYY    0.00000   0.00000   0.00000   0.01274   0.00000
   25DYZ    0.00000   0.00000   0.00000   0.00000   0.00000
   26DZZ    0.00000   0.00000   0.00000  -0.02548   0.00000
              21        22        23        24        25
            0.00000   0.00000   0.00000   0.00000   0.00000
 
    1S      0.00094   0.00000   0.00000   0.00000   0.00000
    2S     -0.00486   0.00000   0.00000  -0.00000   0.00000
    3S     -0.00575   0.00000   0.00000  -0.00000   0.00000
    4S     -0.05318   0.00000   0.00000   0.00000   0.00000
    5S      0.04649   0.00000   0.00000  -0.00000   0.00000
    6PX     0.00000   0.00000   0.00000   0.00000   0.00000
    7PY     0.00000   0.00000   0.00000   0.00000   0.00000
    8PZ     0.00000   0.00000   0.00000   0.00000   0.00000
    9PX     0.00000   0.00000   0.00000   0.00000   0.00000
   10PY     0.00000   0.00000   0.00000   0.00000   0.00000
   11PZ     0.00000   0.00000   0.00000   0.00000   0.00000
   12PX     0.00000   0.00000   0.00000   0.00000   0.00000
   13PY     0.00000   0.00000   0.00000   0.00000   0.00000
   14PZ     0.00000   0.00000   0.00000   0.00000   0.00000
   15DXX   -0.10855   0.00000   0.00000   0.19468   0.00000
   16DXY    0.00000   0.00000   0.00000   0.00000   0.00000
   17DXZ    0.00000   0.21895   0.00000   0.00000   0.00000
   18DYY   -0.10855   0.00000   0.00000  -0.19468   0.00000
   19DYZ    0.00000   0.00000   0.21895   0.00000   0.00000
   20DZZ    0.21710   0.00000   0.00000   0.00000   0.00000
   21DXX   -0.50704   0.00000   0.00000   0.87824   0.00000
   22DXY    0.00000   0.00000   0.00000   0.00000   0.00000
   23DXZ    0.00000   1.01438   0.00000   0.00000   0.00000
   24DYY   -0.50704   0.00000   0.00000  -0.87824   0.00000
   25DYZ    0.00000   0.00000   1.01438   0.00000   0.00000
   26DZZ    1.01407   0.00000   0.00000   0.00000   0.00000
              26
            0.00000
 
    1S      0.00000
    2S      0.00000
    3S      0.00000
    4S      0.00000
    5S      0.00000
    6PX     0.00000
    7PY     0.00000
    8PZ     0.00000
    9PX     0.00000
   10PY     0.00000
   11PZ     0.00000
   12PX     0.00000
   13PY     0.00000
   14PZ     0.00000
   15DXX    0.00000
   16DXY    0.00000
   17DXZ    0.00000
   18DYY    0.00000
   19DYZ    0.00000
   20DZZ    0.00000
   21DXX    0.00000
   22DXY    0.00000
   23DXZ    0.00000
   24DYY    0.00000
   25DYZ    0.00000
   26DZZ    0.00000
 
 ALPHA MO COEFFICIENTS OF THE SECOND STATE                                       
 COEFFICIENTS OF SPHERICAL MOs
               1         2         3         4         5
            2.00000   2.00000   2.00000   2.00000   2.00000
 
    1s      0.99594  -0.33252   0.00000   0.00000   0.00000
    2s      0.01321   1.04737   0.00000   0.00000   0.00000
    3s      0.00261  -0.00720   0.00000   0.00000   0.00000
    4s      0.00109  -0.00085   0.00000   0.00000   0.00000
    5s     -0.00056   0.00056   0.00000   0.00000   0.00000
    6py     0.00000   0.00000   0.00000   0.99501   0.00000
    7pz     0.00000   0.00000   0.00000   0.00000   0.99501
    8px     0.00000   0.00000   0.99498   0.00000   0.00000
    9py     0.00000   0.00000   0.00000   0.01355   0.00000
   10pz     0.00000   0.00000   0.00000   0.00000   0.01355
   11px     0.00000   0.00000   0.01362   0.00000   0.00000
   12py     0.00000   0.00000   0.00000   0.00168   0.00000
   13pz     0.00000   0.00000   0.00000   0.00000   0.00168
   14px     0.00000   0.00000   0.00172   0.00000   0.00000
   15d-2    0.00000   0.00000   0.00000   0.00000   0.00000
   16d-1    0.00000   0.00000   0.00000   0.00000   0.00000
   17d 0    0.00000   0.00011   0.00000   0.00000   0.00000
   18d+1    0.00000   0.00000   0.00000   0.00000   0.00000
   19d+2   -0.00000  -0.00019   0.00000   0.00000   0.00000
   20d-2    0.00000   0.00000   0.00000   0.00000   0.00000
   21d-1    0.00000   0.00000   0.00000   0.00000   0.00000
   22d 0    0.00000   0.00003   0.00000   0.00000   0.00000
   23d+1    0.00000   0.00000   0.00000   0.00000   0.00000
   24d+2   -0.00000  -0.00006   0.00000   0.00000   0.00000
               6         7         8         9        10
            2.00000   2.00000   2.00000   2.00000   2.00000
 
    1s     -0.12593   0.00000   0.00000   0.00000   0.00000
    2s      0.46681   0.00000   0.00000   0.00000   0.00000
    3s      1.09271   0.00000   0.00000   0.00000   0.00000
    4s      0.01046   0.00000   0.00000   0.00000   0.00000
    5s     -0.00767   0.00000   0.00000   0.00000   0.00000
    6py     0.00000   0.00000  -0.40479   0.00000   0.00000
    7pz     0.00000   0.00000   0.00000  -0.40479   0.00000
    8px     0.00000  -0.40501   0.00000   0.00000   0.00000
    9py     0.00000   0.00000   1.07628   0.00000   0.00000
   10pz     0.00000   0.00000   0.00000   1.07628   0.00000
   11px     0.00000   1.07681   0.00000   0.00000   0.00000
   12py     0.00000   0.00000   0.00801   0.00000   0.00000
   13pz     0.00000   0.00000   0.00000   0.00801   0.00000
   14px     0.00000   0.00989   0.00000   0.00000   0.00000
   15d-2    0.00000   0.00000   0.00000   0.00000   0.00000
   16d-1    0.00000   0.00000   0.00000   0.00000   0.98590
   17d 0   -0.00262   0.00000   0.00000   0.00000   0.00000
   18d+1    0.00000   0.00000   0.00000   0.00000   0.00000
   19d+2    0.00453   0.00000   0.00000   0.00000   0.00000
   20d-2    0.00000   0.00000   0.00000   0.00000   0.00000
   21d-1    0.00000   0.00000   0.00000   0.00000  -0.06834
   22d 0   -0.00060   0.00000   0.00000   0.00000   0.00000
   23d+1    0.00000   0.00000   0.00000   0.00000   0.00000
   24d+2    0.00105   0.00000   0.00000   0.00000   0.00000
              11        12        13        14        15
            1.00000   1.00000   1.00000   1.00000   1.00000
 
    1s      0.00082   0.00000   0.00000  -0.00000  -0.03394
    2s     -0.00318   0.00000   0.00000   0.00000   0.13167
    3s     -0.00780   0.00000   0.00000   0.00000   0.33904
    4s     -0.00882   0.00000   0.00000  -0.00000   0.92309
    5s      0.00170   0.00000   0.00000   0.00000   0.14372
    6py     0.00000   0.00000   0.00000   0.00000   0.00000
    7pz     0.00000   0.00000   0.00000   0.00000   0.00000
    8px     0.00000   0.00000   0.00000   0.00000   0.00000
    9py     0.00000   0.00000   0.00000   0.00000   0.00000
   10pz     0.00000   0.00000   0.00000   0.00000   0.00000
   11px     0.00000   0.00000   0.00000   0.00000   0.00000
   12py     0.00000   0.00000   0.00000   0.00000   0.00000
   13pz     0.00000   0.00000   0.00000   0.00000   0.00000
   14px     0.00000   0.00000   0.00000   0.00000   0.00000
   15d-2    0.00000   0.00000   0.99145   0.00000   0.00000
   16d-1    0.00000   0.00000   0.00000   0.00000   0.00000
   17d 0   -0.49589   0.00000   0.00000   0.85748  -0.00465
   18d+1    0.00000   0.99145   0.00000   0.00000   0.00000
   19d+2    0.85890   0.00000   0.00000   0.49507   0.00805
   20d-2    0.00000   0.00000  -0.04399   0.00000   0.00000
   21d-1    0.00000   0.00000   0.00000   0.00000   0.00000
   22d 0    0.02115   0.00000   0.00000  -0.04327  -0.00551
   23d+1    0.00000  -0.04399   0.00000   0.00000   0.00000
   24d+2   -0.03663   0.00000   0.00000  -0.02498   0.00954
              16        17        18        19        20
            0.00000   0.00000   0.00000   0.00000   0.00000
 
    1s      0.00000   0.00000   0.00000   0.01637   0.00000
    2s      0.00000   0.00000   0.00000  -0.11202   0.00000
    3s      0.00000   0.00000   0.00000  -0.01730   0.00000
    4s      0.00000   0.00000   0.00000  -1.70212   0.00000
    5s      0.00000   0.00000   0.00000   1.90914   0.00000
    6py     0.00000   0.00000  -0.09237   0.00000   0.00000
    7pz     0.00000  -0.09237   0.00000   0.00000   0.00000
    8px    -0.09168   0.00000   0.00000   0.00000   0.00000
    9py     0.00000   0.00000   0.29385   0.00000   0.00000
   10pz     0.00000   0.29385   0.00000   0.00000   0.00000
   11px     0.29190   0.00000   0.00000   0.00000   0.00000
   12py     0.00000   0.00000   1.03891   0.00000   0.00000
   13pz     0.00000   1.03891   0.00000   0.00000   0.00000
   14px     1.03890   0.00000   0.00000   0.00000   0.00000
   15d-2    0.00000   0.00000   0.00000   0.00000   0.00000
   16d-1    0.00000   0.00000   0.00000   0.00000   0.24270
   17d 0    0.00000   0.00000   0.00000   0.00343   0.00000
   18d+1    0.00000   0.00000   0.00000   0.00000   0.00000
   19d+2    0.00000   0.00000   0.00000  -0.00593   0.00000
   20d-2    0.00000   0.00000   0.00000   0.00000   0.00000
   21d-1    0.00000   0.00000   0.00000   0.00000   1.01303
   22d 0    0.00000   0.00000   0.00000   0.01274   0.00000
   23d+1    0.00000   0.00000   0.00000   0.00000   0.00000
   24d+2    0.00000   0.00000   0.00000  -0.02207   0.00000
              21        22        23        24
            0.00000   0.00000   0.00000   0.00000
 
    1s      0.00094   0.00000   0.00000   0.00000
    2s     -0.00486   0.00000   0.00000  -0.00000
    3s     -0.00575   0.00000   0.00000  -0.00000
    4s     -0.05318   0.00000   0.00000   0.00000
    5s      0.04649   0.00000   0.00000  -0.00000
    6py     0.00000   0.00000   0.00000   0.00000
    7pz     0.00000   0.00000   0.00000   0.00000
    8px     0.00000   0.00000   0.00000   0.00000
    9py     0.00000   0.00000   0.00000   0.00000
   10pz     0.00000   0.00000   0.00000   0.00000
   11px     0.00000   0.00000   0.00000   0.00000
   12py     0.00000   0.00000   0.00000   0.00000
   13pz     0.00000   0.00000   0.00000   0.00000
   14px     0.00000   0.00000   0.00000   0.00000
   15d-2    0.00000   0.00000   0.21895   0.00000
   16d-1    0.00000   0.00000   0.00000   0.00000
   17d 0   -0.10855   0.00000   0.00000   0.19468
   18d+1    0.00000   0.21895   0.00000   0.00000
   19d+2    0.18801   0.00000   0.00000   0.11240
   20d-2    0.00000   0.00000   1.01438   0.00000
   21d-1    0.00000   0.00000   0.00000   0.00000
   22d 0   -0.50704   0.00000   0.00000   0.87824
   23d+1    0.00000   1.01438   0.00000   0.00000
   24d+2    0.87821   0.00000   0.00000   0.50705
 
 ALPHA MO COEFFICIENTS OF THE SECOND STATE                                       
 COEFFICIENTS OF CARTESIAN
               1         2         3         4         5
            2.00000   2.00000   2.00000   2.00000   2.00000
 
    1S      0.99594  -0.33252   0.00000   0.00000   0.00000
    2S      0.01321   1.04737   0.00000   0.00000   0.00000
    3S      0.00261  -0.00720   0.00000   0.00000   0.00000
    4S      0.00109  -0.00085   0.00000   0.00000   0.00000
    5S     -0.00056   0.00056   0.00000   0.00000   0.00000
    6PX     0.00000   0.00000   0.99498   0.00000   0.00000
    7PY     0.00000   0.00000   0.00000   0.99501   0.00000
    8PZ     0.00000   0.00000   0.00000   0.00000   0.99501
    9PX     0.00000   0.00000   0.01362   0.00000   0.00000
   10PY     0.00000   0.00000   0.00000   0.01355   0.00000
   11PZ     0.00000   0.00000   0.00000   0.00000   0.01355
   12PX     0.00000   0.00000   0.00172   0.00000   0.00000
   13PY     0.00000   0.00000   0.00000   0.00168   0.00000
   14PZ     0.00000   0.00000   0.00000   0.00000   0.00168
   15DXX   -0.00000  -0.00022   0.00000   0.00000   0.00000
   16DXY    0.00000   0.00000   0.00000   0.00000   0.00000
   17DXZ    0.00000   0.00000   0.00000   0.00000   0.00000
   18DYY    0.00000   0.00011   0.00000   0.00000   0.00000
   19DYZ    0.00000   0.00000   0.00000   0.00000   0.00000
   20DZZ    0.00000   0.00011   0.00000   0.00000   0.00000
   21DXX   -0.00000  -0.00007   0.00000   0.00000   0.00000
   22DXY    0.00000   0.00000   0.00000   0.00000   0.00000
   23DXZ    0.00000   0.00000   0.00000   0.00000   0.00000
   24DYY    0.00000   0.00003   0.00000   0.00000   0.00000
   25DYZ    0.00000   0.00000   0.00000   0.00000   0.00000
   26DZZ    0.00000   0.00003   0.00000   0.00000   0.00000
               6         7         8         9        10
            2.00000   2.00000   2.00000   2.00000   2.00000
 
    1S     -0.12593   0.00000   0.00000   0.00000   0.00000
    2S      0.46681   0.00000   0.00000   0.00000   0.00000
    3S      1.09271   0.00000   0.00000   0.00000   0.00000
    4S      0.01046   0.00000   0.00000   0.00000   0.00000
    5S     -0.00767   0.00000   0.00000   0.00000   0.00000
    6PX     0.00000  -0.40501   0.00000   0.00000   0.00000
    7PY     0.00000   0.00000  -0.40479   0.00000   0.00000
    8PZ     0.00000   0.00000   0.00000  -0.40479   0.00000
    9PX     0.00000   1.07681   0.00000   0.00000   0.00000
   10PY     0.00000   0.00000   1.07628   0.00000   0.00000
   11PZ     0.00000   0.00000   0.00000   1.07628   0.00000
   12PX     0.00000   0.00989   0.00000   0.00000   0.00000
   13PY     0.00000   0.00000   0.00801   0.00000   0.00000
   14PZ     0.00000   0.00000   0.00000   0.00801   0.00000
   15DXX    0.00523   0.00000   0.00000   0.00000   0.00000
   16DXY    0.00000   0.00000   0.00000   0.00000   0.00000
   17DXZ    0.00000   0.00000   0.00000   0.00000   0.00000
   18DYY   -0.00262   0.00000   0.00000   0.00000   0.00000
   19DYZ    0.00000   0.00000   0.00000   0.00000   0.98590
   20DZZ   -0.00262   0.00000   0.00000   0.00000   0.00000
   21DXX    0.00121   0.00000   0.00000   0.00000   0.00000
   22DXY    0.00000   0.00000   0.00000   0.00000   0.00000
   23DXZ    0.00000   0.00000   0.00000   0.00000   0.00000
   24DYY   -0.00060   0.00000   0.00000   0.00000   0.00000
   25DYZ    0.00000   0.00000   0.00000   0.00000  -0.06834
   26DZZ   -0.00060   0.00000   0.00000   0.00000   0.00000
              11        12        13        14        15
            1.00000   1.00000   1.00000   1.00000   1.00000
 
    1S      0.00082   0.00000   0.00000  -0.00000  -0.03394
    2S     -0.00318   0.00000   0.00000   0.00000   0.13167
    3S     -0.00780   0.00000   0.00000   0.00000   0.33904
    4S     -0.00882   0.00000   0.00000  -0.00000   0.92309
    5S      0.00170   0.00000   0.00000   0.00000   0.14372
    6PX     0.00000   0.00000   0.00000   0.00000   0.00000
    7PY     0.00000   0.00000   0.00000   0.00000   0.00000
    8PZ     0.00000   0.00000   0.00000   0.00000   0.00000
    9PX     0.00000   0.00000   0.00000   0.00000   0.00000
   10PY     0.00000   0.00000   0.00000   0.00000   0.00000
   11PZ     0.00000   0.00000   0.00000   0.00000   0.00000
   12PX     0.00000   0.00000   0.00000   0.00000   0.00000
   13PY     0.00000   0.00000   0.00000   0.00000   0.00000
   14PZ     0.00000   0.00000   0.00000   0.00000   0.00000
   15DXX    0.99177   0.00000   0.00000   0.00000   0.00929
   16DXY    0.00000   0.00000   0.99145   0.00000   0.00000
   17DXZ    0.00000   0.99145   0.00000   0.00000   0.00000
   18DYY   -0.49589   0.00000   0.00000  -0.85748  -0.00465
   19DYZ    0.00000   0.00000   0.00000   0.00000   0.00000
   20DZZ   -0.49589   0.00000   0.00000   0.85748  -0.00465
   21DXX   -0.04230   0.00000   0.00000  -0.00000   0.01102
   22DXY    0.00000   0.00000  -0.04399   0.00000   0.00000
   23DXZ    0.00000  -0.04399   0.00000   0.00000   0.00000
   24DYY    0.02115   0.00000   0.00000   0.04327  -0.00551
   25DYZ    0.00000   0.00000   0.00000   0.00000   0.00000
   26DZZ    0.02115   0.00000   0.00000  -0.04327  -0.00551
              16        17        18        19        20
            0.00000   0.00000   0.00000   0.00000   0.00000
 
    1S      0.00000   0.00000   0.00000   0.01637   0.00000
    2S      0.00000   0.00000   0.00000  -0.11202   0.00000
    3S      0.00000   0.00000   0.00000  -0.01730   0.00000
    4S      0.00000   0.00000   0.00000  -1.70212   0.00000
    5S      0.00000   0.00000   0.00000   1.90914   0.00000
    6PX    -0.09168   0.00000   0.00000   0.00000   0.00000
    7PY     0.00000   0.00000  -0.09237   0.00000   0.00000
    8PZ     0.00000  -0.09237   0.00000   0.00000   0.00000
    9PX     0.29190   0.00000   0.00000   0.00000   0.00000
   10PY     0.00000   0.00000   0.29385   0.00000   0.00000
   11PZ     0.00000   0.29385   0.00000   0.00000   0.00000
   12PX     1.03890   0.00000   0.00000   0.00000   0.00000
   13PY     0.00000   0.00000   1.03891   0.00000   0.00000
   14PZ     0.00000   1.03891   0.00000   0.00000   0.00000
   15DXX    0.00000   0.00000   0.00000  -0.00685   0.00000
   16DXY    0.00000   0.00000   0.00000   0.00000   0.00000
   17DXZ    0.00000   0.00000   0.00000   0.00000   0.00000
   18DYY    0.00000   0.00000   0.00000   0.00343   0.00000
   19DYZ    0.00000   0.00000   0.00000   0.00000   0.24270
   20DZZ    0.00000   0.00000   0.00000   0.00343   0.00000
   21DXX    0.00000   0.00000   0.00000  -0.02548   0.00000
   22DXY    0.00000   0.00000   0.00000   0.00000   0.00000
   23DXZ    0.00000   0.00000   0.00000   0.00000   0.00000
   24DYY    0.00000   0.00000   0.00000   0.01274   0.00000
   25DYZ    0.00000   0.00000   0.00000   0.00000   1.01303
   26DZZ    0.00000   0.00000   0.00000   0.01274   0.00000
              21        22        23        24        25
            0.00000   0.00000   0.00000   0.00000   0.00000
 
    1S      0.00094   0.00000   0.00000   0.00000   0.00000
    2S     -0.00486   0.00000   0.00000  -0.00000   0.00000
    3S     -0.00575   0.00000   0.00000  -0.00000   0.00000
    4S     -0.05318   0.00000   0.00000   0.00000   0.00000
    5S      0.04649   0.00000   0.00000  -0.00000   0.00000
    6PX     0.00000   0.00000   0.00000   0.00000   0.00000
    7PY     0.00000   0.00000   0.00000   0.00000   0.00000
    8PZ     0.00000   0.00000   0.00000   0.00000   0.00000
    9PX     0.00000   0.00000   0.00000   0.00000   0.00000
   10PY     0.00000   0.00000   0.00000   0.00000   0.00000
   11PZ     0.00000   0.00000   0.00000   0.00000   0.00000
   12PX     0.00000   0.00000   0.00000   0.00000   0.00000
   13PY     0.00000   0.00000   0.00000   0.00000   0.00000
   14PZ     0.00000   0.00000   0.00000   0.00000   0.00000
   15DXX    0.21710   0.00000   0.00000   0.00000   0.00000
   16DXY    0.00000   0.00000   0.21895   0.00000   0.00000
   17DXZ    0.00000   0.21895   0.00000   0.00000   0.00000
   18DYY   -0.10855   0.00000   0.00000  -0.19468   0.00000
   19DYZ    0.00000   0.00000   0.00000   0.00000   0.00000
   20DZZ   -0.10855   0.00000   0.00000   0.19468   0.00000
   21DXX    1.01407   0.00000   0.00000  -0.00000   0.00000
   22DXY    0.00000   0.00000   1.01438   0.00000   0.00000
   23DXZ    0.00000   1.01438   0.00000   0.00000   0.00000
   24DYY   -0.50704   0.00000   0.00000  -0.87824   0.00000
   25DYZ    0.00000   0.00000   0.00000   0.00000   0.00000
   26DZZ   -0.50704   0.00000   0.00000   0.87824   0.00000
              26
            0.00000
 
    1S      0.00000
    2S      0.00000
    3S      0.00000
    4S      0.00000
    5S      0.00000
    6PX     0.00000
    7PY     0.00000
    8PZ     0.00000
    9PX     0.00000
   10PY     0.00000
   11PZ     0.00000
   12PX     0.00000
   13PY     0.00000
   14PZ     0.00000
   15DXX    0.00000
   16DXY    0.00000
   17DXZ    0.00000
   18DYY    0.00000
   19DYZ    0.00000
   20DZZ    0.00000
   21DXX    0.00000
   22DXY    0.00000
   23DXZ    0.00000
   24DYY    0.00000
   25DYZ    0.00000
   26DZZ    0.00000
