 
 ALPHA MO COEFFICIENTS OF THE FIRST STATE                                        
 COEFFICIENTS OF SPHERICAL MOs
               1         2         3         4         5
            2.00000   2.00000   2.00000   2.00000   2.00000
 
    1s      0.00003   0.99855   0.16608   0.13103   0.00000
    2s      0.00081   0.00441  -0.29801  -0.30677   0.00000
    3s      0.00295   0.00466  -0.08636  -0.20583   0.00000
    4py     0.00000   0.00000   0.00000   0.00000   0.00000
    5pz     0.00064   0.00369  -0.28152  -0.02872   0.00000
    6px     0.00000   0.00000   0.00000   0.00000   0.47239
    7py     0.00000   0.00000   0.00000   0.00000   0.00000
    8pz     0.00138   0.00065   0.01276   0.00032   0.00000
    9px     0.00000   0.00000   0.00000   0.00000   0.05597
   10d-2    0.00000   0.00000   0.00000   0.00000   0.00000
   11d-1    0.00000   0.00000   0.00000   0.00000   0.00000
   12d 0   -0.00008   0.00093  -0.04642   0.00098   0.00000
   13d+1    0.00000   0.00000   0.00000   0.00000   0.05285
   14d+2   -0.00000  -0.00000  -0.00000  -0.00000   0.00000
   15s      0.99833   0.00101  -0.20114   0.16093   0.00000
   16s      0.00448  -0.00070   0.39756  -0.38583   0.00000
   17s     -0.00480  -0.00446  -0.18770   0.47185   0.00000
   18py     0.00000   0.00000   0.00000   0.00000   0.00000
   19pz     0.00264  -0.00025   0.28124   0.52305   0.00000
   20px     0.00000   0.00000   0.00000   0.00000   0.62366
   21py     0.00000   0.00000   0.00000   0.00000   0.00000
   22pz     0.00087   0.00170  -0.00213   0.08049   0.00000
   23px     0.00000   0.00000   0.00000   0.00000   0.13160
   24d-2    0.00000   0.00000   0.00000   0.00000   0.00000
   25d-1    0.00000   0.00000   0.00000   0.00000   0.00000
   26d 0   -0.00090   0.00011  -0.04174  -0.03620   0.00000
   27d+1    0.00000   0.00000   0.00000   0.00000  -0.04725
   28d+2   -0.00000  -0.00000  -0.00000   0.00000   0.00000
               6         7         8         9        10
            2.00000   2.00000   0.00000   0.00000   0.00000
 
    1s      0.00000   0.14283   0.00000   0.00000  -0.03098
    2s      0.00000  -0.37999   0.00000   0.00000  -0.03414
    3s      0.00000  -0.45154   0.00000   0.00000   2.12846
    4py     0.47239   0.00000   0.70695   0.00000   0.00000
    5pz     0.00000   0.55301   0.00000   0.00000   0.06642
    6px     0.00000   0.00000   0.00000   0.70695   0.00000
    7py     0.05597   0.00000   0.45227   0.00000   0.00000
    8pz     0.00000   0.06265   0.00000   0.00000   1.70381
    9px     0.00000   0.00000   0.00000   0.45227   0.00000
   10d-2    0.00000   0.00000   0.00000   0.00000   0.00000
   11d-1    0.05285   0.00000  -0.02563   0.00000   0.00000
   12d 0    0.00000   0.04552   0.00000   0.00000  -0.03375
   13d+1    0.00000   0.00000   0.00000  -0.02563   0.00000
   14d+2    0.00000  -0.00000   0.00000   0.00000   0.00000
   15s      0.00000   0.00826   0.00000   0.00000  -0.10584
   16s      0.00000  -0.00439   0.00000   0.00000   0.22382
   17s      0.00000  -0.04712   0.00000   0.00000  -2.10661
   18py     0.62366   0.00000  -0.59212   0.00000   0.00000
   19pz     0.00000  -0.34102   0.00000   0.00000  -0.01368
   20px     0.00000   0.00000   0.00000  -0.59212   0.00000
   21py     0.13160   0.00000  -0.40085   0.00000   0.00000
   22pz     0.00000  -0.05326   0.00000   0.00000   0.89979
   23px     0.00000   0.00000   0.00000  -0.40085   0.00000
   24d-2    0.00000   0.00000   0.00000   0.00000   0.00000
   25d-1   -0.04725   0.00000  -0.03031   0.00000   0.00000
   26d 0    0.00000   0.02629   0.00000   0.00000  -0.02907
   27d+1    0.00000   0.00000   0.00000  -0.03031   0.00000
   28d+2    0.00000   0.00000   0.00000   0.00000  -0.00000
              11        12        13        14        15
            0.00000   0.00000   0.00000   0.00000   0.00000
 
    1s      0.00000   0.00000   0.01299   0.00000   0.00000
    2s      0.00000   0.00000   0.08152   0.00000   0.00000
    3s      0.00000   0.00000   1.25248   0.00000   0.00000
    4py     0.00000  -0.63747   0.00000   0.00000   0.35452
    5pz     0.00000   0.00000   0.35136   0.00000   0.00000
    6px    -0.63747   0.00000   0.00000   0.35452   0.00000
    7py     0.00000   0.93178   0.00000   0.00000  -1.30604
    8pz     0.00000   0.00000  -0.53014   0.00000   0.00000
    9px     0.93178   0.00000   0.00000  -1.30604   0.00000
   10d-2    0.00000   0.00000   0.00000   0.00000   0.00000
   11d-1    0.00000  -0.04404   0.00000   0.00000  -0.09690
   12d 0    0.00000   0.00000   0.04056   0.00000   0.00000
   13d+1   -0.04404   0.00000   0.00000  -0.09690   0.00000
   14d+2    0.00000   0.00000   0.00000   0.00000   0.00000
   15s      0.00000   0.00000  -0.03856   0.00000   0.00000
   16s      0.00000   0.00000   0.03663   0.00000   0.00000
   17s      0.00000   0.00000  -0.63096   0.00000   0.00000
   18py     0.00000  -0.26515   0.00000   0.00000  -0.66176
   19pz     0.00000   0.00000  -0.36031   0.00000   0.00000
   20px    -0.26515   0.00000   0.00000  -0.66176   0.00000
   21py     0.00000   0.28099   0.00000   0.00000   1.62316
   22pz     0.00000   0.00000   1.64120   0.00000   0.00000
   23px     0.28099   0.00000   0.00000   1.62316   0.00000
   24d-2    0.00000   0.00000   0.00000   0.00000   0.00000
   25d-1    0.00000   0.06950   0.00000   0.00000  -0.04104
   26d 0    0.00000   0.00000   0.01398   0.00000   0.00000
   27d+1    0.06950   0.00000   0.00000  -0.04104   0.00000
   28d+2    0.00000   0.00000  -0.00000   0.00000   0.00000
              16        17        18        19        20
            0.00000   0.00000   0.00000   0.00000   0.00000
 
    1s      0.10845  -0.10873   0.00000   0.00000   0.00000
    2s     -1.30529   0.58369  -0.00000   0.00000   0.00000
    3s      1.49481  -0.25098  -0.00000   0.00000   0.00000
    4py     0.00000   0.00000   0.00000   0.00000  -0.24362
    5pz     0.45233   0.73825  -0.00000   0.00000   0.00000
    6px     0.00000   0.00000   0.00000   0.00000   0.00000
    7py     0.00000   0.00000   0.00000   0.00000   0.20315
    8pz    -0.13863  -0.31811  -0.00000   0.00000   0.00000
    9px     0.00000   0.00000   0.00000   0.00000   0.00000
   10d-2    0.00000   0.00000   0.00000   0.75663   0.00000
   11d-1    0.00000   0.00000   0.00000   0.00000   0.78758
   12d 0   -0.07461  -0.37370  -0.00000   0.00000   0.00000
   13d+1    0.00000   0.00000   0.00000   0.00000   0.00000
   14d+2   -0.00000   0.00000   0.75663   0.00000   0.00000
   15s     -0.03422  -0.07322  -0.00000   0.00000   0.00000
   16s      0.29491   0.12200   0.00000   0.00000   0.00000
   17s     -0.11952  -0.07394   0.00000   0.00000   0.00000
   18py     0.00000   0.00000   0.00000   0.00000  -0.38284
   19pz     0.07492   0.69427  -0.00000   0.00000   0.00000
   20px     0.00000   0.00000   0.00000   0.00000   0.00000
   21py     0.00000   0.00000   0.00000   0.00000  -0.05198
   22pz    -0.14978  -0.05605  -0.00000   0.00000   0.00000
   23px     0.00000   0.00000   0.00000   0.00000   0.00000
   24d-2    0.00000   0.00000   0.00000   0.46717   0.00000
   25d-1    0.00000   0.00000   0.00000   0.00000  -0.44779
   26d 0   -0.05279   0.30176  -0.00000   0.00000   0.00000
   27d+1    0.00000   0.00000   0.00000   0.00000   0.00000
   28d+2   -0.00000   0.00000   0.46717   0.00000   0.00000
              21        22        23        24        25
            0.00000   0.00000   0.00000   0.00000   0.00000
 
    1s      0.00000  -0.01226  -0.00000   0.00000  -0.10958
    2s      0.00000   0.43394  -0.00000   0.00000  -0.47080
    3s      0.00000  -3.69286   0.00000   0.00000  -0.67543
    4py     0.00000   0.00000   0.00000   0.00000   0.00000
    5pz     0.00000  -0.27976   0.00000   0.00000   0.09133
    6px    -0.24362   0.00000   0.00000   0.00000   0.00000
    7py     0.00000   0.00000   0.00000   0.00000   0.00000
    8pz     0.00000  -1.69034   0.00000   0.00000   0.14224
    9px     0.20315   0.00000   0.00000   0.00000   0.00000
   10d-2    0.00000   0.00000   0.00000  -0.72356   0.00000
   11d-1    0.00000   0.00000   0.00000   0.00000   0.00000
   12d 0    0.00000  -0.38314   0.00000   0.00000   1.13999
   13d+1    0.78758   0.00000   0.00000   0.00000   0.00000
   14d+2    0.00000  -0.00000  -0.72356   0.00000   0.00000
   15s      0.00000  -0.08786   0.00000   0.00000   0.00998
   16s      0.00000   1.59139  -0.00000   0.00000   1.59520
   17s      0.00000   4.92982  -0.00000   0.00000   1.64323
   18py     0.00000   0.00000   0.00000   0.00000   0.00000
   19pz     0.00000  -0.34970   0.00000   0.00000   0.43206
   20px    -0.38284   0.00000   0.00000   0.00000   0.00000
   21py     0.00000   0.00000   0.00000   0.00000   0.00000
   22pz     0.00000  -1.06217   0.00000   0.00000  -1.09826
   23px    -0.05198   0.00000   0.00000   0.00000   0.00000
   24d-2    0.00000   0.00000   0.00000   0.93690   0.00000
   25d-1    0.00000   0.00000   0.00000   0.00000   0.00000
   26d 0    0.00000  -0.18189   0.00000   0.00000   0.72153
   27d+1   -0.44779   0.00000   0.00000   0.00000   0.00000
   28d+2    0.00000   0.00000   0.93690   0.00000  -0.00000
              26        27        28
            0.00000   0.00000   0.00000
 
    1s      0.00000   0.00000  -0.03408
    2s      0.00000   0.00000  -1.56497
    3s      0.00000   0.00000  -1.28448
    4py     0.67501   0.00000   0.00000
    5pz     0.00000   0.00000  -1.45775
    6px     0.00000   0.67501   0.00000
    7py     0.51250   0.00000   0.00000
    8pz     0.00000   0.00000  -0.34081
    9px     0.00000   0.51250   0.00000
   10d-2    0.00000   0.00000   0.00000
   11d-1    1.21446   0.00000   0.00000
   12d 0    0.00000   0.00000  -0.75932
   13d+1    0.00000   1.21446   0.00000
   14d+2    0.00000   0.00000   0.00000
   15s      0.00000   0.00000   0.04093
   16s      0.00000   0.00000  -0.50095
   17s      0.00000   0.00000   2.10329
   18py    -0.48415   0.00000   0.00000
   19pz     0.00000   0.00000  -1.17830
   20px     0.00000  -0.48415   0.00000
   21py    -0.67797   0.00000   0.00000
   22pz     0.00000   0.00000  -0.83700
   23px     0.00000  -0.67797   0.00000
   24d-2    0.00000   0.00000   0.00000
   25d-1    1.34885   0.00000   0.00000
   26d 0    0.00000   0.00000   1.22619
   27d+1    0.00000   1.34885   0.00000
   28d+2    0.00000   0.00000  -0.00000
 
 ALPHA MO COEFFICIENTS OF THE FIRST STATE                                        
 COEFFICIENTS OF CARTESIAN
               1         2         3         4         5
            2.00000   2.00000   2.00000   2.00000   2.00000
 
    1S      0.00003   0.99855   0.16608   0.13103   0.00000
    2S      0.00081   0.00441  -0.29801  -0.30677   0.00000
    3S      0.00295   0.00466  -0.08636  -0.20583   0.00000
    4PX     0.00000   0.00000   0.00000   0.00000   0.47239
    5PY     0.00000   0.00000   0.00000   0.00000   0.00000
    6PZ     0.00064   0.00369  -0.28152  -0.02872   0.00000
    7PX     0.00000   0.00000   0.00000   0.00000   0.05597
    8PY     0.00000   0.00000   0.00000   0.00000   0.00000
    9PZ     0.00138   0.00065   0.01276   0.00032   0.00000
   10DXX    0.00004  -0.00046   0.02321  -0.00049   0.00000
   11DXY    0.00000   0.00000   0.00000   0.00000   0.00000
   12DXZ    0.00000   0.00000   0.00000   0.00000   0.05285
   13DYY    0.00004  -0.00046   0.02321  -0.00049   0.00000
   14DYZ    0.00000   0.00000   0.00000   0.00000   0.00000
   15DZZ   -0.00008   0.00093  -0.04642   0.00098   0.00000
   16S      0.99833   0.00101  -0.20114   0.16093   0.00000
   17S      0.00448  -0.00070   0.39756  -0.38583   0.00000
   18S     -0.00480  -0.00446  -0.18770   0.47185   0.00000
   19PX     0.00000   0.00000   0.00000   0.00000   0.62366
   20PY     0.00000   0.00000   0.00000   0.00000   0.00000
   21PZ     0.00264  -0.00025   0.28124   0.52305   0.00000
   22PX     0.00000   0.00000   0.00000   0.00000   0.13160
   23PY     0.00000   0.00000   0.00000   0.00000   0.00000
   24PZ     0.00087   0.00170  -0.00213   0.08049   0.00000
   25DXX    0.00045  -0.00005   0.02087   0.01810   0.00000
   26DXY    0.00000   0.00000   0.00000   0.00000   0.00000
   27DXZ    0.00000   0.00000   0.00000   0.00000  -0.04725
   28DYY    0.00045  -0.00005   0.02087   0.01810   0.00000
   29DYZ    0.00000   0.00000   0.00000   0.00000   0.00000
   30DZZ   -0.00090   0.00011  -0.04174  -0.03620   0.00000
               6         7         8         9        10
            2.00000   2.00000   0.00000   0.00000   0.00000
 
    1S      0.00000   0.14283   0.00000   0.00000  -0.03098
    2S      0.00000  -0.37999   0.00000   0.00000  -0.03414
    3S      0.00000  -0.45154   0.00000   0.00000   2.12846
    4PX     0.00000   0.00000   0.00000   0.70695   0.00000
    5PY     0.47239   0.00000   0.70695   0.00000   0.00000
    6PZ     0.00000   0.55301   0.00000   0.00000   0.06642
    7PX     0.00000   0.00000   0.00000   0.45227   0.00000
    8PY     0.05597   0.00000   0.45227   0.00000   0.00000
    9PZ     0.00000   0.06265   0.00000   0.00000   1.70381
   10DXX    0.00000  -0.02276   0.00000   0.00000   0.01688
   11DXY    0.00000   0.00000   0.00000   0.00000   0.00000
   12DXZ    0.00000   0.00000   0.00000  -0.02563   0.00000
   13DYY    0.00000  -0.02276   0.00000   0.00000   0.01688
   14DYZ    0.05285   0.00000  -0.02563   0.00000   0.00000
   15DZZ    0.00000   0.04552   0.00000   0.00000  -0.03375
   16S      0.00000   0.00826   0.00000   0.00000  -0.10584
   17S      0.00000  -0.00439   0.00000   0.00000   0.22382
   18S      0.00000  -0.04712   0.00000   0.00000  -2.10661
   19PX     0.00000   0.00000   0.00000  -0.59212   0.00000
   20PY     0.62366   0.00000  -0.59212   0.00000   0.00000
   21PZ     0.00000  -0.34102   0.00000   0.00000  -0.01368
   22PX     0.00000   0.00000   0.00000  -0.40085   0.00000
   23PY     0.13160   0.00000  -0.40085   0.00000   0.00000
   24PZ     0.00000  -0.05326   0.00000   0.00000   0.89979
   25DXX    0.00000  -0.01314   0.00000   0.00000   0.01453
   26DXY    0.00000   0.00000   0.00000   0.00000   0.00000
   27DXZ    0.00000   0.00000   0.00000  -0.03031   0.00000
   28DYY    0.00000  -0.01314   0.00000   0.00000   0.01453
   29DYZ   -0.04725   0.00000  -0.03031   0.00000   0.00000
   30DZZ    0.00000   0.02629   0.00000   0.00000  -0.02907
              11        12        13        14        15
            0.00000   0.00000   0.00000   0.00000   0.00000
 
    1S      0.00000   0.00000   0.01299   0.00000   0.00000
    2S      0.00000   0.00000   0.08152   0.00000   0.00000
    3S      0.00000   0.00000   1.25248   0.00000   0.00000
    4PX    -0.63747   0.00000   0.00000   0.35452   0.00000
    5PY     0.00000  -0.63747   0.00000   0.00000   0.35452
    6PZ     0.00000   0.00000   0.35136   0.00000   0.00000
    7PX     0.93178   0.00000   0.00000  -1.30604   0.00000
    8PY     0.00000   0.93178   0.00000   0.00000  -1.30604
    9PZ     0.00000   0.00000  -0.53014   0.00000   0.00000
   10DXX    0.00000   0.00000  -0.02028   0.00000   0.00000
   11DXY    0.00000   0.00000   0.00000   0.00000   0.00000
   12DXZ   -0.04404   0.00000   0.00000  -0.09690   0.00000
   13DYY    0.00000   0.00000  -0.02028   0.00000   0.00000
   14DYZ    0.00000  -0.04404   0.00000   0.00000  -0.09690
   15DZZ    0.00000   0.00000   0.04056   0.00000   0.00000
   16S      0.00000   0.00000  -0.03856   0.00000   0.00000
   17S      0.00000   0.00000   0.03663   0.00000   0.00000
   18S      0.00000   0.00000  -0.63096   0.00000   0.00000
   19PX    -0.26515   0.00000   0.00000  -0.66176   0.00000
   20PY     0.00000  -0.26515   0.00000   0.00000  -0.66176
   21PZ     0.00000   0.00000  -0.36031   0.00000   0.00000
   22PX     0.28099   0.00000   0.00000   1.62316   0.00000
   23PY     0.00000   0.28099   0.00000   0.00000   1.62316
   24PZ     0.00000   0.00000   1.64120   0.00000   0.00000
   25DXX    0.00000   0.00000  -0.00699   0.00000   0.00000
   26DXY    0.00000   0.00000   0.00000   0.00000   0.00000
   27DXZ    0.06950   0.00000   0.00000  -0.04104   0.00000
   28DYY    0.00000   0.00000  -0.00699   0.00000   0.00000
   29DYZ    0.00000   0.06950   0.00000   0.00000  -0.04104
   30DZZ    0.00000   0.00000   0.01398   0.00000   0.00000
              16        17        18        19        20
            0.00000   0.00000   0.00000   0.00000   0.00000
 
    1S      0.10845  -0.10873   0.00000   0.00000   0.00000
    2S     -1.30529   0.58369  -0.00000   0.00000   0.00000
    3S      1.49481  -0.25098  -0.00000   0.00000   0.00000
    4PX     0.00000   0.00000   0.00000   0.00000   0.00000
    5PY     0.00000   0.00000   0.00000   0.00000  -0.24362
    6PZ     0.45233   0.73825  -0.00000   0.00000   0.00000
    7PX     0.00000   0.00000   0.00000   0.00000   0.00000
    8PY     0.00000   0.00000   0.00000   0.00000   0.20315
    9PZ    -0.13863  -0.31811  -0.00000   0.00000   0.00000
   10DXX    0.03731   0.18685   0.65526   0.00000   0.00000
   11DXY    0.00000   0.00000   0.00000   0.75663   0.00000
   12DXZ    0.00000   0.00000   0.00000   0.00000   0.00000
   13DYY    0.03731   0.18685  -0.65526   0.00000   0.00000
   14DYZ    0.00000   0.00000   0.00000   0.00000   0.78758
   15DZZ   -0.07461  -0.37370  -0.00000   0.00000   0.00000
   16S     -0.03422  -0.07322  -0.00000   0.00000   0.00000
   17S      0.29491   0.12200   0.00000   0.00000   0.00000
   18S     -0.11952  -0.07394   0.00000   0.00000   0.00000
   19PX     0.00000   0.00000   0.00000   0.00000   0.00000
   20PY     0.00000   0.00000   0.00000   0.00000  -0.38284
   21PZ     0.07492   0.69427  -0.00000   0.00000   0.00000
   22PX     0.00000   0.00000   0.00000   0.00000   0.00000
   23PY     0.00000   0.00000   0.00000   0.00000  -0.05198
   24PZ    -0.14978  -0.05605  -0.00000   0.00000   0.00000
   25DXX    0.02639  -0.15088   0.40458   0.00000   0.00000
   26DXY    0.00000   0.00000   0.00000   0.46717   0.00000
   27DXZ    0.00000   0.00000   0.00000   0.00000   0.00000
   28DYY    0.02639  -0.15088  -0.40458   0.00000   0.00000
   29DYZ    0.00000   0.00000   0.00000   0.00000  -0.44779
   30DZZ   -0.05279   0.30176  -0.00000   0.00000   0.00000
              21        22        23        24        25
            0.00000   0.00000   0.00000   0.00000   0.00000
 
    1S      0.00000  -0.01226  -0.00000   0.00000  -0.10958
    2S      0.00000   0.43394  -0.00000   0.00000  -0.47080
    3S      0.00000  -3.69286   0.00000   0.00000  -0.67543
    4PX    -0.24362   0.00000   0.00000   0.00000   0.00000
    5PY     0.00000   0.00000   0.00000   0.00000   0.00000
    6PZ     0.00000  -0.27976   0.00000   0.00000   0.09133
    7PX     0.20315   0.00000   0.00000   0.00000   0.00000
    8PY     0.00000   0.00000   0.00000   0.00000   0.00000
    9PZ     0.00000  -1.69034   0.00000   0.00000   0.14224
   10DXX    0.00000   0.19157  -0.62662   0.00000  -0.56999
   11DXY    0.00000   0.00000   0.00000  -0.72356   0.00000
   12DXZ    0.78758   0.00000   0.00000   0.00000   0.00000
   13DYY    0.00000   0.19157   0.62662   0.00000  -0.56999
   14DYZ    0.00000   0.00000   0.00000   0.00000   0.00000
   15DZZ    0.00000  -0.38314   0.00000   0.00000   1.13999
   16S      0.00000  -0.08786   0.00000   0.00000   0.00998
   17S      0.00000   1.59139  -0.00000   0.00000   1.59520
   18S      0.00000   4.92982  -0.00000   0.00000   1.64323
   19PX    -0.38284   0.00000   0.00000   0.00000   0.00000
   20PY     0.00000   0.00000   0.00000   0.00000   0.00000
   21PZ     0.00000  -0.34970   0.00000   0.00000   0.43206
   22PX    -0.05198   0.00000   0.00000   0.00000   0.00000
   23PY     0.00000   0.00000   0.00000   0.00000   0.00000
   24PZ     0.00000  -1.06217   0.00000   0.00000  -1.09826
   25DXX    0.00000   0.09094   0.81138   0.00000  -0.36076
   26DXY    0.00000   0.00000   0.00000   0.93690   0.00000
   27DXZ   -0.44779   0.00000   0.00000   0.00000   0.00000
   28DYY    0.00000   0.09094  -0.81138   0.00000  -0.36076
   29DYZ    0.00000   0.00000   0.00000   0.00000   0.00000
   30DZZ    0.00000  -0.18189   0.00000   0.00000   0.72153
              26        27        28        29        30
            0.00000   0.00000   0.00000   0.00000   0.00000
 
    1S      0.00000   0.00000  -0.03408   0.00000   0.00000
    2S      0.00000   0.00000  -1.56497   0.00000   0.00000
    3S      0.00000   0.00000  -1.28448   0.00000   0.00000
    4PX     0.00000   0.67501   0.00000   0.00000   0.00000
    5PY     0.67501   0.00000   0.00000   0.00000   0.00000
    6PZ     0.00000   0.00000  -1.45775   0.00000   0.00000
    7PX     0.00000   0.51250   0.00000   0.00000   0.00000
    8PY     0.51250   0.00000   0.00000   0.00000   0.00000
    9PZ     0.00000   0.00000  -0.34081   0.00000   0.00000
   10DXX    0.00000   0.00000   0.37966   0.00000   0.00000
   11DXY    0.00000   0.00000   0.00000   0.00000   0.00000
   12DXZ    0.00000   1.21446   0.00000   0.00000   0.00000
   13DYY    0.00000   0.00000   0.37966   0.00000   0.00000
   14DYZ    1.21446   0.00000   0.00000   0.00000   0.00000
   15DZZ    0.00000   0.00000  -0.75932   0.00000   0.00000
   16S      0.00000   0.00000   0.04093   0.00000   0.00000
   17S      0.00000   0.00000  -0.50095   0.00000   0.00000
   18S      0.00000   0.00000   2.10329   0.00000   0.00000
   19PX     0.00000  -0.48415   0.00000   0.00000   0.00000
   20PY    -0.48415   0.00000   0.00000   0.00000   0.00000
   21PZ     0.00000   0.00000  -1.17830   0.00000   0.00000
   22PX     0.00000  -0.67797   0.00000   0.00000   0.00000
   23PY    -0.67797   0.00000   0.00000   0.00000   0.00000
   24PZ     0.00000   0.00000  -0.83700   0.00000   0.00000
   25DXX    0.00000   0.00000  -0.61309   0.00000   0.00000
   26DXY    0.00000   0.00000   0.00000   0.00000   0.00000
   27DXZ    0.00000   1.34885   0.00000   0.00000   0.00000
   28DYY    0.00000   0.00000  -0.61309   0.00000   0.00000
   29DYZ    1.34885   0.00000   0.00000   0.00000   0.00000
   30DZZ    0.00000   0.00000   1.22619   0.00000   0.00000
 
 ALPHA MO COEFFICIENTS OF THE SECOND STATE                                       
 COEFFICIENTS OF SPHERICAL MOs
               1         2         3         4         5
            2.00000   2.00000   2.00000   2.00000   2.00000
 
    1s      0.00005   0.99859   0.16821   0.13071   0.00000
    2s      0.00097   0.00377  -0.30556  -0.31220   0.00000
    3s      0.00308   0.00201  -0.09413  -0.20017   0.00000
    4py     0.00000   0.00000   0.00000   0.00000   0.50733
    5pz     0.00089   0.00147  -0.28079  -0.02522   0.00000
    6px     0.00000   0.00000   0.00000   0.00000   0.00000
    7py     0.00000   0.00000   0.00000   0.00000   0.06642
    8pz     0.00145   0.00037   0.01138   0.00479   0.00000
    9px     0.00000   0.00000   0.00000   0.00000   0.00000
   10d-2    0.00000   0.00000   0.00000   0.00000   0.00000
   11d-1    0.00000   0.00000   0.00000   0.00000   0.04406
   12d 0    0.00003   0.00021  -0.04393   0.00007   0.00000
   13d+1    0.00000   0.00000   0.00000   0.00000   0.00000
   14d+2    0.00000   0.00000   0.00050   0.00029   0.00000
   15s      0.99833   0.00098  -0.19894   0.16167   0.00000
   16s      0.00462  -0.00111   0.39156  -0.38203   0.00000
   17s     -0.00497  -0.00181  -0.18163   0.47774   0.00000
   18py     0.00000   0.00000   0.00000   0.00000   0.59335
   19pz     0.00299  -0.00134   0.28140   0.51115   0.00000
   20px     0.00000   0.00000   0.00000   0.00000   0.00000
   21py     0.00000   0.00000   0.00000   0.00000   0.12640
   22pz     0.00088   0.00066  -0.00346   0.08751   0.00000
   23px     0.00000   0.00000   0.00000   0.00000   0.00000
   24d-2    0.00000   0.00000   0.00000   0.00000   0.00000
   25d-1    0.00000   0.00000   0.00000   0.00000  -0.04748
   26d 0   -0.00097   0.00060  -0.04220  -0.03527   0.00000
   27d+1    0.00000   0.00000   0.00000   0.00000   0.00000
   28d+2   -0.00000  -0.00000   0.00055  -0.00048   0.00000
               6         7         8         9        10
            2.00000   1.00000   1.00000   0.00000   0.00000
 
    1s      0.00000   0.14236   0.00000   0.00000   0.04069
    2s      0.00000  -0.40906   0.00000   0.00000  -0.03384
    3s      0.00000  -0.38269   0.00000   0.00000  -1.90800
    4py     0.00000   0.00000   0.69503   0.00000   0.00000
    5pz     0.00000   0.59175   0.00000   0.00000   0.00067
    6px     0.50367   0.00000   0.00000   0.70441   0.00000
    7py     0.00000   0.00000   0.42384   0.00000   0.00000
    8pz     0.00000   0.05929   0.00000   0.00000  -1.76025
    9px     0.06428   0.00000   0.00000   0.40834   0.00000
   10d-2    0.00000   0.00000   0.00000   0.00000   0.00000
   11d-1    0.00000   0.00000  -0.05615   0.00000   0.00000
   12d 0    0.00000   0.01557   0.00000   0.00000   0.04886
   13d+1    0.04353   0.00000   0.00000  -0.05786   0.00000
   14d+2    0.00000  -0.00078   0.00000   0.00000   0.00059
   15s      0.00000   0.00278   0.00000   0.00000   0.10085
   16s      0.00000   0.00792   0.00000   0.00000  -0.18642
   17s      0.00000  -0.06820   0.00000   0.00000   2.04205
   18py     0.00000   0.00000  -0.60773   0.00000   0.00000
   19pz     0.00000  -0.32925   0.00000   0.00000  -0.03042
   20px     0.59747   0.00000   0.00000  -0.60751   0.00000
   21py     0.00000   0.00000  -0.39588   0.00000   0.00000
   22pz     0.00000  -0.04914   0.00000   0.00000  -0.71666
   23px     0.12792   0.00000   0.00000  -0.38362   0.00000
   24d-2    0.00000   0.00000   0.00000   0.00000   0.00000
   25d-1    0.00000   0.00000  -0.02509   0.00000   0.00000
   26d 0    0.00000   0.02901   0.00000   0.00000   0.02463
   27d+1   -0.04679   0.00000   0.00000  -0.02512   0.00000
   28d+2    0.00000   0.00017   0.00000   0.00000   0.00019
              11        12        13        14        15
            0.00000   0.00000   0.00000   0.00000   0.00000
 
    1s      0.00000   0.00000   0.02510   0.09157   0.00000
    2s      0.00000   0.00000  -0.12675  -1.24763   0.00000
    3s      0.00000   0.00000   1.76964   1.36286   0.00000
    4py    -0.66275   0.00000   0.00000   0.00000   0.00000
    5pz     0.00000   0.00000   0.43349   0.40751   0.00000
    6px     0.00000  -0.65968   0.00000   0.00000   0.27844
    7py     1.05616   0.00000   0.00000   0.00000   0.00000
    8pz     0.00000   0.00000  -0.31718  -0.00488   0.00000
    9px     0.00000   1.06340   0.00000   0.00000  -1.21569
   10d-2    0.00000   0.00000   0.00000   0.00000   0.00000
   11d-1   -0.03346   0.00000   0.00000   0.00000   0.00000
   12d 0    0.00000   0.00000   0.02877  -0.11389   0.00000
   13d+1    0.00000  -0.03322   0.00000   0.00000  -0.10782
   14d+2    0.00000   0.00000   0.00041  -0.00134   0.00000
   15s      0.00000   0.00000  -0.05730  -0.03486   0.00000
   16s      0.00000   0.00000   0.10692   0.27007   0.00000
   17s      0.00000   0.00000  -0.94530  -0.13223   0.00000
   18py    -0.20972   0.00000   0.00000   0.00000   0.00000
   19pz     0.00000   0.00000  -0.33106   0.18987   0.00000
   20px     0.00000  -0.21088   0.00000   0.00000  -0.67852
   21py     0.12244   0.00000   0.00000   0.00000   0.00000
   22pz     0.00000   0.00000   1.70432  -0.38097   0.00000
   23px     0.00000   0.11381   0.00000   0.00000   1.64834
   24d-2    0.00000   0.00000   0.00000   0.00000   0.00000
   25d-1    0.06852   0.00000   0.00000   0.00000   0.00000
   26d 0    0.00000   0.00000  -0.00168  -0.03753   0.00000
   27d+1    0.00000   0.06812   0.00000   0.00000  -0.03355
   28d+2    0.00000   0.00000   0.00040  -0.00078   0.00000
              16        17        18        19        20
            0.00000   0.00000   0.00000   0.00000   0.00000
 
    1s      0.00000  -0.11499   0.00000   0.00007   0.00000
    2s      0.00000   0.68986   0.00000  -0.00321   0.00000
    3s      0.00000  -0.44212   0.00000   0.01152   0.00000
    4py     0.28584   0.00000   0.00000   0.00000  -0.18857
    5pz     0.00000   0.67338   0.00000   0.00178   0.00000
    6px     0.00000   0.00000   0.00000   0.00000   0.00000
    7py    -1.21684   0.00000   0.00000   0.00000   0.22405
    8pz     0.00000  -0.39152   0.00000   0.00569   0.00000
    9px     0.00000   0.00000   0.00000   0.00000   0.00000
   10d-2    0.00000   0.00000   0.79108   0.00000   0.00000
   11d-1   -0.10853   0.00000   0.00000   0.00000   0.83619
   12d 0    0.00000  -0.41246   0.00000   0.00093   0.00000
   13d+1    0.00000   0.00000   0.00000   0.00000   0.00000
   14d+2    0.00000  -0.00051   0.00000   0.79066   0.00000
   15s      0.00000  -0.07235   0.00000   0.00031   0.00000
   16s      0.00000   0.09709   0.00000  -0.00362   0.00000
   17s      0.00000   0.06234   0.00000  -0.01309   0.00000
   18py    -0.68230   0.00000   0.00000   0.00000  -0.41843
   19pz     0.00000   0.66971   0.00000   0.00117   0.00000
   20px     0.00000   0.00000   0.00000   0.00000   0.00000
   21py     1.64511   0.00000   0.00000   0.00000  -0.08042
   22pz     0.00000  -0.04796   0.00000   0.00118   0.00000
   23px     0.00000   0.00000   0.00000   0.00000   0.00000
   24d-2    0.00000   0.00000   0.42084   0.00000   0.00000
   25d-1   -0.03424   0.00000   0.00000   0.00000  -0.39279
   26d 0    0.00000   0.28725   0.00000   0.00062   0.00000
   27d+1    0.00000   0.00000   0.00000   0.00000   0.00000
   28d+2    0.00000   0.00067   0.00000   0.42142   0.00000
              21        22        23        24        25
            0.00000   0.00000   0.00000   0.00000   0.00000
 
    1s      0.00000  -0.00740   0.00000   0.00007  -0.10902
    2s      0.00000   0.40461   0.00000  -0.00068  -0.37432
    3s      0.00000  -3.63853   0.00000  -0.00770  -0.68538
    4py     0.00000   0.00000   0.00000   0.00000   0.00000
    5pz     0.00000  -0.30851   0.00000  -0.00255   0.18610
    6px    -0.18624   0.00000   0.00000   0.00000   0.00000
    7py     0.00000   0.00000   0.00000   0.00000   0.00000
    8pz     0.00000  -1.68047   0.00000  -0.00347   0.12431
    9px     0.22477   0.00000   0.00000   0.00000   0.00000
   10d-2    0.00000   0.00000  -0.68573   0.00000   0.00000
   11d-1    0.00000   0.00000   0.00000   0.00000   0.00000
   12d 0    0.00000  -0.40652   0.00000  -0.00164   1.15731
   13d+1    0.83656   0.00000   0.00000   0.00000   0.00000
   14d+2    0.00000   0.00337   0.00000  -0.68620  -0.00045
   15s      0.00000  -0.08788   0.00000   0.00005   0.00292
   16s      0.00000   1.55318   0.00000   0.00150   1.66264
   17s      0.00000   4.88768   0.00000   0.01095   1.63275
   18py     0.00000   0.00000   0.00000   0.00000   0.00000
   19pz     0.00000  -0.38762   0.00000  -0.00200   0.50048
   20px    -0.41882   0.00000   0.00000   0.00000   0.00000
   21py     0.00000   0.00000   0.00000   0.00000   0.00000
   22pz     0.00000  -1.03005   0.00000  -0.00236  -1.07901
   23px    -0.08148   0.00000   0.00000   0.00000   0.00000
   24d-2    0.00000   0.00000   0.95861   0.00000   0.00000
   25d-1    0.00000   0.00000   0.00000   0.00000   0.00000
   26d 0    0.00000  -0.19741   0.00000   0.00002   0.65995
   27d+1   -0.39245   0.00000   0.00000   0.00000   0.00000
   28d+2    0.00000  -0.00080   0.00000   0.95835   0.00045
              26        27        28
            0.00000   0.00000   0.00000
 
    1s      0.00000   0.00000  -0.04035
    2s      0.00000   0.00000  -1.58966
    3s      0.00000   0.00000  -1.29011
    4py     0.68775   0.00000   0.00000
    5pz     0.00000   0.00000  -1.45195
    6px     0.00000   0.68753   0.00000
    7py     0.50510   0.00000   0.00000
    8pz     0.00000   0.00000  -0.32649
    9px     0.00000   0.50540   0.00000
   10d-2    0.00000   0.00000   0.00000
   11d-1    1.18015   0.00000   0.00000
   12d 0    0.00000   0.00000  -0.69431
   13d+1    0.00000   1.17990   0.00000
   14d+2    0.00000   0.00000   0.00049
   15s      0.00000   0.00000   0.04225
   16s      0.00000   0.00000  -0.42866
   17s      0.00000   0.00000   2.15326
   18py    -0.47198   0.00000   0.00000
   19pz     0.00000   0.00000  -1.15727
   20px     0.00000  -0.47167   0.00000
   21py    -0.67334   0.00000   0.00000
   22pz     0.00000   0.00000  -0.87859
   23px     0.00000  -0.67364   0.00000
   24d-2    0.00000   0.00000   0.00000
   25d-1    1.36622   0.00000   0.00000
   26d 0    0.00000   0.00000   1.26212
   27d+1    0.00000   1.36637   0.00000
   28d+2    0.00000   0.00000  -0.00076
 
 ALPHA MO COEFFICIENTS OF THE SECOND STATE                                       
 COEFFICIENTS OF CARTESIAN
               1         2         3         4         5
            2.00000   2.00000   2.00000   2.00000   2.00000
 
    1S      0.00005   0.99859   0.16821   0.13071   0.00000
    2S      0.00097   0.00377  -0.30556  -0.31220   0.00000
    3S      0.00308   0.00201  -0.09413  -0.20017   0.00000
    4PX     0.00000   0.00000   0.00000   0.00000   0.00000
    5PY     0.00000   0.00000   0.00000   0.00000   0.50733
    6PZ     0.00089   0.00147  -0.28079  -0.02522   0.00000
    7PX     0.00000   0.00000   0.00000   0.00000   0.00000
    8PY     0.00000   0.00000   0.00000   0.00000   0.06642
    9PZ     0.00145   0.00037   0.01138   0.00479   0.00000
   10DXX   -0.00001  -0.00010   0.02240   0.00022   0.00000
   11DXY    0.00000   0.00000   0.00000   0.00000   0.00000
   12DXZ    0.00000   0.00000   0.00000   0.00000   0.00000
   13DYY   -0.00001  -0.00011   0.02153  -0.00029   0.00000
   14DYZ    0.00000   0.00000   0.00000   0.00000   0.04406
   15DZZ    0.00003   0.00021  -0.04393   0.00007   0.00000
   16S      0.99833   0.00098  -0.19894   0.16167   0.00000
   17S      0.00462  -0.00111   0.39156  -0.38203   0.00000
   18S     -0.00497  -0.00181  -0.18163   0.47774   0.00000
   19PX     0.00000   0.00000   0.00000   0.00000   0.00000
   20PY     0.00000   0.00000   0.00000   0.00000   0.59335
   21PZ     0.00299  -0.00134   0.28140   0.51115   0.00000
   22PX     0.00000   0.00000   0.00000   0.00000   0.00000
   23PY     0.00000   0.00000   0.00000   0.00000   0.12640
   24PZ     0.00088   0.00066  -0.00346   0.08751   0.00000
   25DXX    0.00048  -0.00030   0.02158   0.01722   0.00000
   26DXY    0.00000   0.00000   0.00000   0.00000   0.00000
   27DXZ    0.00000   0.00000   0.00000   0.00000   0.00000
   28DYY    0.00049  -0.00030   0.02063   0.01805   0.00000
   29DYZ    0.00000   0.00000   0.00000   0.00000  -0.04748
   30DZZ   -0.00097   0.00060  -0.04220  -0.03527   0.00000
               6         7         8         9        10
            2.00000   1.00000   1.00000   0.00000   0.00000
 
    1S      0.00000   0.14236   0.00000   0.00000   0.04069
    2S      0.00000  -0.40906   0.00000   0.00000  -0.03384
    3S      0.00000  -0.38269   0.00000   0.00000  -1.90800
    4PX     0.50367   0.00000   0.00000   0.70441   0.00000
    5PY     0.00000   0.00000   0.69503   0.00000   0.00000
    6PZ     0.00000   0.59175   0.00000   0.00000   0.00067
    7PX     0.06428   0.00000   0.00000   0.40834   0.00000
    8PY     0.00000   0.00000   0.42384   0.00000   0.00000
    9PZ     0.00000   0.05929   0.00000   0.00000  -1.76025
   10DXX    0.00000  -0.00846   0.00000   0.00000  -0.02392
   11DXY    0.00000   0.00000   0.00000   0.00000   0.00000
   12DXZ    0.04353   0.00000   0.00000  -0.05786   0.00000
   13DYY    0.00000  -0.00711   0.00000   0.00000  -0.02494
   14DYZ    0.00000   0.00000  -0.05615   0.00000   0.00000
   15DZZ    0.00000   0.01557   0.00000   0.00000   0.04886
   16S      0.00000   0.00278   0.00000   0.00000   0.10085
   17S      0.00000   0.00792   0.00000   0.00000  -0.18642
   18S      0.00000  -0.06820   0.00000   0.00000   2.04205
   19PX     0.59747   0.00000   0.00000  -0.60751   0.00000
   20PY     0.00000   0.00000  -0.60773   0.00000   0.00000
   21PZ     0.00000  -0.32925   0.00000   0.00000  -0.03042
   22PX     0.12792   0.00000   0.00000  -0.38362   0.00000
   23PY     0.00000   0.00000  -0.39588   0.00000   0.00000
   24PZ     0.00000  -0.04914   0.00000   0.00000  -0.71666
   25DXX    0.00000  -0.01436   0.00000   0.00000  -0.01215
   26DXY    0.00000   0.00000   0.00000   0.00000   0.00000
   27DXZ   -0.04679   0.00000   0.00000  -0.02512   0.00000
   28DYY    0.00000  -0.01465   0.00000   0.00000  -0.01248
   29DYZ    0.00000   0.00000  -0.02509   0.00000   0.00000
   30DZZ    0.00000   0.02901   0.00000   0.00000   0.02463
              11        12        13        14        15
            0.00000   0.00000   0.00000   0.00000   0.00000
 
    1S      0.00000   0.00000   0.02510   0.09157   0.00000
    2S      0.00000   0.00000  -0.12675  -1.24763   0.00000
    3S      0.00000   0.00000   1.76964   1.36286   0.00000
    4PX     0.00000  -0.65968   0.00000   0.00000   0.27844
    5PY    -0.66275   0.00000   0.00000   0.00000   0.00000
    6PZ     0.00000   0.00000   0.43349   0.40751   0.00000
    7PX     0.00000   1.06340   0.00000   0.00000  -1.21569
    8PY     1.05616   0.00000   0.00000   0.00000   0.00000
    9PZ     0.00000   0.00000  -0.31718  -0.00488   0.00000
   10DXX    0.00000   0.00000  -0.01403   0.05578   0.00000
   11DXY    0.00000   0.00000   0.00000   0.00000   0.00000
   12DXZ    0.00000  -0.03322   0.00000   0.00000  -0.10782
   13DYY    0.00000   0.00000  -0.01474   0.05810   0.00000
   14DYZ   -0.03346   0.00000   0.00000   0.00000   0.00000
   15DZZ    0.00000   0.00000   0.02877  -0.11389   0.00000
   16S      0.00000   0.00000  -0.05730  -0.03486   0.00000
   17S      0.00000   0.00000   0.10692   0.27007   0.00000
   18S      0.00000   0.00000  -0.94530  -0.13223   0.00000
   19PX     0.00000  -0.21088   0.00000   0.00000  -0.67852
   20PY    -0.20972   0.00000   0.00000   0.00000   0.00000
   21PZ     0.00000   0.00000  -0.33106   0.18987   0.00000
   22PX     0.00000   0.11381   0.00000   0.00000   1.64834
   23PY     0.12244   0.00000   0.00000   0.00000   0.00000
   24PZ     0.00000   0.00000   1.70432  -0.38097   0.00000
   25DXX    0.00000   0.00000   0.00118   0.01809   0.00000
   26DXY    0.00000   0.00000   0.00000   0.00000   0.00000
   27DXZ    0.00000   0.06812   0.00000   0.00000  -0.03355
   28DYY    0.00000   0.00000   0.00049   0.01944   0.00000
   29DYZ    0.06852   0.00000   0.00000   0.00000   0.00000
   30DZZ    0.00000   0.00000  -0.00168  -0.03753   0.00000
              16        17        18        19        20
            0.00000   0.00000   0.00000   0.00000   0.00000
 
    1S      0.00000  -0.11499   0.00000   0.00007   0.00000
    2S      0.00000   0.68986   0.00000  -0.00321   0.00000
    3S      0.00000  -0.44212   0.00000   0.01152   0.00000
    4PX     0.00000   0.00000   0.00000   0.00000   0.00000
    5PY     0.28584   0.00000   0.00000   0.00000  -0.18857
    6PZ     0.00000   0.67338   0.00000   0.00178   0.00000
    7PX     0.00000   0.00000   0.00000   0.00000   0.00000
    8PY    -1.21684   0.00000   0.00000   0.00000   0.22405
    9PZ     0.00000  -0.39152   0.00000   0.00569   0.00000
   10DXX    0.00000   0.20579   0.00000   0.68426   0.00000
   11DXY    0.00000   0.00000   0.79108   0.00000   0.00000
   12DXZ    0.00000   0.00000   0.00000   0.00000   0.00000
   13DYY    0.00000   0.20667   0.00000  -0.68520   0.00000
   14DYZ   -0.10853   0.00000   0.00000   0.00000   0.83619
   15DZZ    0.00000  -0.41246   0.00000   0.00093   0.00000
   16S      0.00000  -0.07235   0.00000   0.00031   0.00000
   17S      0.00000   0.09709   0.00000  -0.00362   0.00000
   18S      0.00000   0.06234   0.00000  -0.01309   0.00000
   19PX     0.00000   0.00000   0.00000   0.00000   0.00000
   20PY    -0.68230   0.00000   0.00000   0.00000  -0.41843
   21PZ     0.00000   0.66971   0.00000   0.00117   0.00000
   22PX     0.00000   0.00000   0.00000   0.00000   0.00000
   23PY     1.64511   0.00000   0.00000   0.00000  -0.08042
   24PZ     0.00000  -0.04796   0.00000   0.00118   0.00000
   25DXX    0.00000  -0.14304   0.00000   0.36465   0.00000
   26DXY    0.00000   0.00000   0.42084   0.00000   0.00000
   27DXZ    0.00000   0.00000   0.00000   0.00000   0.00000
   28DYY    0.00000  -0.14421   0.00000  -0.36527   0.00000
   29DYZ   -0.03424   0.00000   0.00000   0.00000  -0.39279
   30DZZ    0.00000   0.28725   0.00000   0.00062   0.00000
              21        22        23        24        25
            0.00000   0.00000   0.00000   0.00000   0.00000
 
    1S      0.00000  -0.00740   0.00000   0.00007  -0.10902
    2S      0.00000   0.40461   0.00000  -0.00068  -0.37432
    3S      0.00000  -3.63853   0.00000  -0.00770  -0.68538
    4PX    -0.18624   0.00000   0.00000   0.00000   0.00000
    5PY     0.00000   0.00000   0.00000   0.00000   0.00000
    6PZ     0.00000  -0.30851   0.00000  -0.00255   0.18610
    7PX     0.22477   0.00000   0.00000   0.00000   0.00000
    8PY     0.00000   0.00000   0.00000   0.00000   0.00000
    9PZ     0.00000  -1.68047   0.00000  -0.00347   0.12431
   10DXX    0.00000   0.20618   0.00000  -0.59345  -0.57904
   11DXY    0.00000   0.00000  -0.68573   0.00000   0.00000
   12DXZ    0.83656   0.00000   0.00000   0.00000   0.00000
   13DYY    0.00000   0.20034   0.00000   0.59509  -0.57827
   14DYZ    0.00000   0.00000   0.00000   0.00000   0.00000
   15DZZ    0.00000  -0.40652   0.00000  -0.00164   1.15731
   16S      0.00000  -0.08788   0.00000   0.00005   0.00292
   17S      0.00000   1.55318   0.00000   0.00150   1.66264
   18S      0.00000   4.88768   0.00000   0.01095   1.63275
   19PX    -0.41882   0.00000   0.00000   0.00000   0.00000
   20PY     0.00000   0.00000   0.00000   0.00000   0.00000
   21PZ     0.00000  -0.38762   0.00000  -0.00200   0.50048
   22PX    -0.08148   0.00000   0.00000   0.00000   0.00000
   23PY     0.00000   0.00000   0.00000   0.00000   0.00000
   24PZ     0.00000  -1.03005   0.00000  -0.00236  -1.07901
   25DXX    0.00000   0.09802   0.00000   0.82994  -0.32959
   26DXY    0.00000   0.00000   0.95861   0.00000   0.00000
   27DXZ   -0.39245   0.00000   0.00000   0.00000   0.00000
   28DYY    0.00000   0.09939   0.00000  -0.82996  -0.33036
   29DYZ    0.00000   0.00000   0.00000   0.00000   0.00000
   30DZZ    0.00000  -0.19741   0.00000   0.00002   0.65995
              26        27        28        29        30
            0.00000   0.00000   0.00000   0.00000   0.00000
 
    1S      0.00000   0.00000  -0.04035   0.00000   0.00000
    2S      0.00000   0.00000  -1.58966   0.00000   0.00000
    3S      0.00000   0.00000  -1.29011   0.00000   0.00000
    4PX     0.00000   0.68753   0.00000   0.00000   0.00000
    5PY     0.68775   0.00000   0.00000   0.00000   0.00000
    6PZ     0.00000   0.00000  -1.45195   0.00000   0.00000
    7PX     0.00000   0.50540   0.00000   0.00000   0.00000
    8PY     0.50510   0.00000   0.00000   0.00000   0.00000
    9PZ     0.00000   0.00000  -0.32649   0.00000   0.00000
   10DXX    0.00000   0.00000   0.34758   0.00000   0.00000
   11DXY    0.00000   0.00000   0.00000   0.00000   0.00000
   12DXZ    0.00000   1.17990   0.00000   0.00000   0.00000
   13DYY    0.00000   0.00000   0.34673   0.00000   0.00000
   14DYZ    1.18015   0.00000   0.00000   0.00000   0.00000
   15DZZ    0.00000   0.00000  -0.69431   0.00000   0.00000
   16S      0.00000   0.00000   0.04225   0.00000   0.00000
   17S      0.00000   0.00000  -0.42866   0.00000   0.00000
   18S      0.00000   0.00000   2.15326   0.00000   0.00000
   19PX     0.00000  -0.47167   0.00000   0.00000   0.00000
   20PY    -0.47198   0.00000   0.00000   0.00000   0.00000
   21PZ     0.00000   0.00000  -1.15727   0.00000   0.00000
   22PX     0.00000  -0.67364   0.00000   0.00000   0.00000
   23PY    -0.67334   0.00000   0.00000   0.00000   0.00000
   24PZ     0.00000   0.00000  -0.87859   0.00000   0.00000
   25DXX    0.00000   0.00000  -0.63172   0.00000   0.00000
   26DXY    0.00000   0.00000   0.00000   0.00000   0.00000
   27DXZ    0.00000   1.36637   0.00000   0.00000   0.00000
   28DYY    0.00000   0.00000  -0.63041   0.00000   0.00000
   29DYZ    1.36622   0.00000   0.00000   0.00000   0.00000
   30DZZ    0.00000   0.00000   1.26212   0.00000   0.00000
