
TWO-STATE MO OVERLAP INTEGRALS

      1          1                   0.999999607
      1          2                  -0.000000000
      1          3                   0.000000000
      1          4                  -0.000000000
      1          5                   0.000000000
      2          1                  -0.000000000
      2          2                   0.999947406
      2          3                   0.000000000
      2          4                  -0.000000000
      2          5                  -0.000000000
      3          1                  -0.000000000
      3          2                  -0.000000000
      3          3                   0.999911304
      3          4                   0.000000000
      3          5                  -0.000000000
      4          1                   0.000000000
      4          2                   0.000000000
      4          3                   0.000000000
      4          4                   0.999222889
      4          5                   0.000000000
      5          1                  -0.000000000
      5          2                   0.000000000
      5          3                   0.000000000
      5          4                  -0.000000000
      5          5                   0.998801123

DIAGONAL ELEMENTS

      1          1                   0.999999607
      2          2                   0.999947406
      3          3                   0.999911304
      4          4                   0.999222889
      5          5                   0.998801123
