 
 ALPHA MO COEFFICIENTS OF THE FIRST STATE                                        
 COEFFICIENTS OF SPHERICAL MOs
               1         2         3         4         5
            2.00000   2.00000   2.00000   2.00000   2.00000
 
    1s      0.00004   0.00007  -0.00041   0.00000   0.00000
    2s     -0.00009  -0.00008   0.00030   0.00000   0.00000
    3s     -0.00125  -0.00327   0.00079   0.00000   0.00000
    4py     0.00000   0.00000   0.00000   0.00014   0.00000
    5pz    -0.00007  -0.00045   0.00020   0.00000   0.00000
    6px     0.00000   0.00000   0.00000   0.00000   0.00013
    7py     0.00000   0.00000   0.00000  -0.00009   0.00000
    8pz    -0.00073  -0.00191   0.00035   0.00000   0.00000
    9px     0.00000   0.00000   0.00000   0.00000  -0.00006
   10d-2    0.00000   0.00000   0.00000   0.00000   0.00000
   11d-1    0.00000   0.00000   0.00000   0.00008   0.00000
   12d 0    0.00021   0.00045   0.00114   0.00000   0.00000
   13d+1    0.00000   0.00000   0.00000   0.00000   0.00007
   14d+2    0.00000  -0.00000  -0.00000   0.00000   0.00000
   15s      0.99672  -0.30636   0.00158   0.00000   0.00000
   16s      0.01083   1.04056  -0.00551   0.00000   0.00000
   17s      0.00456  -0.00136  -0.00013   0.00000   0.00000
   18s      0.00362   0.00820  -0.00068   0.00000   0.00000
   19py     0.00000   0.00000   0.00000   0.99575   0.00000
   20pz     0.00009   0.00517   0.99564   0.00000   0.00000
   21px     0.00000   0.00000   0.00000   0.00000   0.99583
   22py     0.00000   0.00000   0.00000   0.01251   0.00000
   23pz    -0.00025  -0.00012   0.01252   0.00000   0.00000
   24px     0.00000   0.00000   0.00000   0.00000   0.01226
   25py     0.00000   0.00000   0.00000   0.00116   0.00000
   26pz    -0.00078  -0.00203   0.00122   0.00000   0.00000
   27px     0.00000   0.00000   0.00000   0.00000   0.00106
   28d-2    0.00000   0.00000   0.00000   0.00000   0.00000
   29d-1    0.00000   0.00000   0.00000   0.00034   0.00000
   30d 0    0.00000   0.00038   0.00031   0.00000   0.00000
   31d+1    0.00000   0.00000   0.00000   0.00000   0.00035
   32d+2   -0.00000  -0.00008  -0.00000   0.00000   0.00000
               6         7         8         9        10
            2.00000   2.00000   2.00000   2.00000   2.00000
 
    1s      0.99929  -0.06607   0.12845   0.00000   0.00000
    2s      0.00192   0.13081  -0.31020   0.00000   0.00000
    3s     -0.00052  -0.04297   0.11163   0.00000   0.00000
    4py     0.00000   0.00000   0.00000  -0.19903   0.00000
    5pz    -0.00022  -0.13770   0.23264   0.00000   0.00000
    6px     0.00000   0.00000   0.00000   0.00000  -0.16795
    7py     0.00000   0.00000   0.00000  -0.02833   0.00000
    8pz     0.00018   0.00721  -0.01573   0.00000   0.00000
    9px     0.00000   0.00000   0.00000   0.00000  -0.00731
   10d-2    0.00000   0.00000   0.00000   0.00000   0.00000
   11d-1    0.00000   0.00000   0.00000  -0.03911   0.00000
   12d 0    0.00031  -0.02799   0.02835   0.00000   0.00000
   13d+1    0.00000   0.00000   0.00000   0.00000  -0.03560
   14d+2   -0.00007   0.00138  -0.00229   0.00000   0.00000
   15s     -0.00009  -0.09205  -0.02843   0.00000   0.00000
   16s      0.00042   0.36497   0.11717   0.00000   0.00000
   17s      0.00019   0.61435   0.19041   0.00000   0.00000
   18s     -0.00069  -0.35567  -0.26461   0.00000   0.00000
   19py     0.00000   0.00000   0.00000  -0.28621   0.00000
   20pz     0.00120   0.04192  -0.24853   0.00000   0.00000
   21px     0.00000   0.00000   0.00000   0.00000  -0.29148
   22py     0.00000   0.00000   0.00000   0.74471   0.00000
   23pz    -0.00124  -0.09093   0.62039   0.00000   0.00000
   24px     0.00000   0.00000   0.00000   0.00000   0.76013
   25py     0.00000   0.00000   0.00000  -0.30219   0.00000
   26pz     0.00023  -0.01489  -0.15772   0.00000   0.00000
   27px     0.00000   0.00000   0.00000   0.00000  -0.31330
   28d-2    0.00000   0.00000   0.00000   0.00000   0.00000
   29d-1    0.00000   0.00000   0.00000   0.02712   0.00000
   30d 0   -0.00111  -0.01976   0.04065   0.00000   0.00000
   31d+1    0.00000   0.00000   0.00000   0.00000   0.02125
   32d+2    0.00001   0.00266   0.00022   0.00000   0.00000
              11        12        13        14        15
            1.00000   1.00000   0.00000   0.00000   0.00000
 
    1s      0.17806   0.00000   0.00000   0.06356   0.00000
    2s     -0.45975   0.00000   0.00000  -0.13714   0.00000
    3s      0.49733   0.00000   0.00000   1.04298   0.00000
    4py     0.00000   0.00000   0.70735   0.00000   0.00000
    5pz    -0.45650   0.00000   0.00000   0.31297   0.00000
    6px     0.00000   0.81036   0.00000   0.00000  -0.80786
    7py     0.00000   0.00000   0.50080   0.00000   0.00000
    8pz    -0.06411   0.00000   0.00000   1.27159   0.00000
    9px     0.00000   0.36599   0.00000   0.00000   1.19572
   10d-2    0.00000   0.00000   0.00000   0.00000   0.00000
   11d-1    0.00000   0.00000   0.01516   0.00000   0.00000
   12d 0   -0.01468   0.00000   0.00000  -0.02464   0.00000
   13d+1    0.00000  -0.00070   0.00000   0.00000  -0.04660
   14d+2    0.01075   0.00000   0.00000  -0.00008   0.00000
   15s     -0.00892   0.00000   0.00000  -0.03416   0.00000
   16s      0.03386   0.00000   0.00000   0.15724   0.00000
   17s      0.06955   0.00000   0.00000   0.20558   0.00000
   18s     -0.04313   0.00000   0.00000  -1.16769   0.00000
   19py     0.00000   0.00000  -0.11336   0.00000   0.00000
   20pz     0.10005   0.00000   0.00000   0.05922   0.00000
   21px     0.00000  -0.09941   0.00000   0.00000  -0.03605
   22py     0.00000   0.00000   0.30854   0.00000   0.00000
   23pz    -0.26298   0.00000   0.00000  -0.15344   0.00000
   24px     0.00000   0.27315   0.00000   0.00000   0.11365
   25py     0.00000   0.00000  -0.31112   0.00000   0.00000
   26pz     0.11601   0.00000   0.00000   0.68767   0.00000
   27px     0.00000  -0.26610   0.00000   0.00000  -0.11105
   28d-2    0.00000   0.00000   0.00000   0.00000   0.00000
   29d-1    0.00000   0.00000  -0.07077   0.00000   0.00000
   30d 0   -0.00377   0.00000   0.00000   0.04774   0.00000
   31d+1    0.00000  -0.06466   0.00000   0.00000   0.05494
   32d+2    0.00050   0.00000   0.00000   0.00113   0.00000
              16        17        18        19        20
            0.00000   0.00000   0.00000   0.00000   0.00000
 
    1s      0.00000   0.03984  -0.11078  -0.04341   0.00000
    2s      0.00000  -0.52593   1.46464  -0.14070   0.00000
    3s      0.00000   0.07795   1.79737   0.38519   0.00000
    4py    -0.88506   0.00000   0.00000   0.00000   0.11129
    5pz     0.00000   0.95963   0.32250  -0.32392   0.00000
    6px     0.00000   0.00000   0.00000   0.00000   0.00000
    7py     1.13833   0.00000   0.00000   0.00000  -0.61314
    8pz     0.00000  -0.78352  -0.10630   0.23945   0.00000
    9px     0.00000   0.00000   0.00000   0.00000   0.00000
   10d-2    0.00000   0.00000   0.00000   0.00000   0.00000
   11d-1   -0.05285   0.00000   0.00000   0.00000  -0.10357
   12d 0    0.00000  -0.00993  -0.02027   0.21943   0.00000
   13d+1    0.00000   0.00000   0.00000   0.00000   0.00000
   14d+2    0.00000   0.00235  -0.00366   0.00081   0.00000
   15s      0.00000  -0.01475  -0.01731  -0.00317   0.00000
   16s      0.00000   0.05965   0.03538   0.02132   0.00000
   17s      0.00000   0.11198   0.23235   0.00646   0.00000
   18s      0.00000  -0.02613  -0.20288  -0.26647   0.00000
   19py    -0.03018   0.00000   0.00000   0.00000  -0.28522
   20pz     0.00000   0.06462  -0.04944  -0.28968   0.00000
   21px     0.00000   0.00000   0.00000   0.00000   0.00000
   22py     0.10253   0.00000   0.00000   0.00000   1.07141
   23pz     0.00000  -0.14640   0.15830   1.03450   0.00000
   24px     0.00000   0.00000   0.00000   0.00000   0.00000
   25py    -0.05440   0.00000   0.00000   0.00000   1.47544
   26pz     0.00000   0.79894   0.31582   1.26885   0.00000
   27px     0.00000   0.00000   0.00000   0.00000   0.00000
   28d-2    0.00000   0.00000   0.00000   0.00000   0.00000
   29d-1    0.06857   0.00000   0.00000   0.00000   0.09379
   30d 0    0.00000   0.25661  -0.10430  -0.03105   0.00000
   31d+1    0.00000   0.00000   0.00000   0.00000   0.00000
   32d+2    0.00000   0.00284  -0.00139   0.00022   0.00000
              21        22        23        24        25
            0.00000   0.00000   0.00000   0.00000   0.00000
 
    1s      0.00000   0.00000   0.00000   0.00000  -0.00772
    2s      0.00000   0.00000   0.00000   0.00000   0.10201
    3s      0.00000   0.00000   0.00000   0.00000   0.34781
    4py     0.00000  -0.19383   0.00000   0.00000   0.00000
    5pz     0.00000   0.00000   0.00000   0.00000   0.03320
    6px     0.08364   0.00000  -0.16777   0.00000   0.00000
    7py     0.00000   0.08488   0.00000   0.00000   0.00000
    8pz     0.00000   0.00000   0.00000   0.00000   0.20449
    9px    -0.59829   0.00000   0.08860   0.00000   0.00000
   10d-2    0.00000   0.00000   0.00000   0.75594   0.00000
   11d-1    0.00000   0.66596   0.00000   0.00000   0.00000
   12d 0    0.00000   0.00000   0.00000   0.00000   0.06897
   13d+1   -0.10490   0.00000   0.66479   0.00000   0.00000
   14d+2    0.00000   0.00000   0.00000   0.00000   0.73236
   15s      0.00000   0.00000   0.00000   0.00000   0.01797
   16s      0.00000   0.00000   0.00000   0.00000   0.00592
   17s      0.00000   0.00000   0.00000   0.00000  -0.36141
   18s      0.00000   0.00000   0.00000   0.00000  -0.64121
   19py     0.00000  -0.07698   0.00000   0.00000   0.00000
   20pz     0.00000   0.00000   0.00000   0.00000   0.00483
   21px    -0.28379   0.00000  -0.07791   0.00000   0.00000
   22py     0.00000   0.27627   0.00000   0.00000   0.00000
   23pz     0.00000   0.00000   0.00000   0.00000  -0.02725
   24px     1.06817   0.00000   0.27888   0.00000   0.00000
   25py     0.00000   0.06965   0.00000   0.00000   0.00000
   26pz     0.00000   0.00000   0.00000   0.00000   0.10806
   27px     1.47893   0.00000   0.06444   0.00000   0.00000
   28d-2    0.00000   0.00000   0.00000   0.61262   0.00000
   29d-1    0.00000  -0.59585   0.00000   0.00000   0.00000
   30d 0    0.00000   0.00000   0.00000   0.00000   0.06982
   31d+1    0.09530   0.00000  -0.60007   0.00000   0.00000
   32d+2    0.00000   0.00000   0.00000   0.00000   0.61169
              26        27        28        29        30
            0.00000   0.00000   0.00000   0.00000   0.00000
 
    1s      0.03040   0.00000   0.00087  -0.00283   0.00000
    2s     -0.46091   0.00000  -0.00108   0.36968   0.00000
    3s     -1.74175   0.00000  -0.01672  -0.55382   0.00000
    4py     0.00000   0.00000   0.00000   0.00000   0.14259
    5pz    -0.15181   0.00000  -0.01094  -0.29257   0.00000
    6px     0.00000   0.00000   0.00000   0.00000   0.00000
    7py     0.00000   0.00000   0.00000   0.00000   0.18029
    8pz    -1.01937   0.00000  -0.00828  -0.14191   0.00000
    9px     0.00000   0.00000   0.00000   0.00000   0.00000
   10d-2    0.00000  -0.65717   0.00000   0.00000   0.00000
   11d-1    0.00000   0.00000   0.00000   0.00000   0.85761
   12d 0   -0.34900   0.00000   0.00280   0.69993   0.00000
   13d+1    0.00000   0.00000   0.00000   0.00000   0.00000
   14d+2    0.14842   0.00000  -0.66688   0.00775   0.00000
   15s     -0.08875   0.00000  -0.00102  -0.06933   0.00000
   16s     -0.03633   0.00000  -0.00109  -0.00818   0.00000
   17s      1.80592   0.00000   0.02294   1.38564   0.00000
   18s      3.22804   0.00000   0.04006   1.71792   0.00000
   19py     0.00000   0.00000   0.00000   0.00000  -0.02779
   20pz    -0.03306   0.00000   0.00133   0.10734   0.00000
   21px     0.00000   0.00000   0.00000   0.00000   0.00000
   22py     0.00000   0.00000   0.00000   0.00000   0.08660
   23pz     0.15941   0.00000  -0.00491  -0.54478   0.00000
   24px     0.00000   0.00000   0.00000   0.00000   0.00000
   25py     0.00000   0.00000   0.00000   0.00000  -0.31188
   26pz    -0.56242   0.00000  -0.01415  -0.95781   0.00000
   27px     0.00000   0.00000   0.00000   0.00000   0.00000
   28d-2    0.00000   0.79247   0.00000   0.00000   0.00000
   29d-1    0.00000   0.00000   0.00000   0.00000   0.85194
   30d 0   -0.36201   0.00000   0.00571   0.47091   0.00000
   31d+1    0.00000   0.00000   0.00000   0.00000   0.00000
   32d+2    0.11763   0.00000   0.78437  -0.00771   0.00000
              31        32
            0.00000   0.00000
 
    1s      0.00000  -0.08191
    2s      0.00000   0.41124
    3s      0.00000  -0.92850
    4py     0.00000   0.00000
    5pz     0.00000  -0.93809
    6px     0.14459   0.00000
    7py     0.00000   0.00000
    8pz     0.00000  -0.41860
    9px     0.18305   0.00000
   10d-2    0.00000   0.00000
   11d-1    0.00000   0.00000
   12d 0    0.00000  -1.06562
   13d+1    0.85901   0.00000
   14d+2    0.00000   0.00210
   15s      0.00000  -0.00279
   16s      0.00000  -0.10499
   17s      0.00000   0.31312
   18s      0.00000   1.75483
   19py     0.00000   0.00000
   20pz     0.00000  -0.17837
   21px    -0.02861   0.00000
   22py     0.00000   0.00000
   23pz     0.00000   0.80837
   24px     0.08920   0.00000
   25py     0.00000   0.00000
   26pz     0.00000  -0.45711
   27px    -0.31214   0.00000
   28d-2    0.00000   0.00000
   29d-1    0.00000   0.00000
   30d 0    0.00000   0.93116
   31d+1    0.85045   0.00000
   32d+2    0.00000  -0.00199
 
 ALPHA MO COEFFICIENTS OF THE FIRST STATE                                        
 COEFFICIENTS OF CARTESIAN
               1         2         3         4         5
            2.00000   2.00000   2.00000   2.00000   2.00000
 
    1S      0.00004   0.00007  -0.00041   0.00000   0.00000
    2S     -0.00009  -0.00008   0.00030   0.00000   0.00000
    3S     -0.00125  -0.00327   0.00079   0.00000   0.00000
    4PX     0.00000   0.00000   0.00000   0.00000   0.00013
    5PY     0.00000   0.00000   0.00000   0.00014   0.00000
    6PZ    -0.00007  -0.00045   0.00020   0.00000   0.00000
    7PX     0.00000   0.00000   0.00000   0.00000  -0.00006
    8PY     0.00000   0.00000   0.00000  -0.00009   0.00000
    9PZ    -0.00073  -0.00191   0.00035   0.00000   0.00000
   10DXX   -0.00011  -0.00023  -0.00057   0.00000   0.00000
   11DXY    0.00000   0.00000   0.00000   0.00000   0.00000
   12DXZ    0.00000   0.00000   0.00000   0.00000   0.00007
   13DYY   -0.00011  -0.00023  -0.00057   0.00000   0.00000
   14DYZ    0.00000   0.00000   0.00000   0.00008   0.00000
   15DZZ    0.00021   0.00045   0.00114   0.00000   0.00000
   16S      0.99672  -0.30636   0.00158   0.00000   0.00000
   17S      0.01083   1.04056  -0.00551   0.00000   0.00000
   18S      0.00456  -0.00136  -0.00013   0.00000   0.00000
   19S      0.00362   0.00820  -0.00068   0.00000   0.00000
   20PX     0.00000   0.00000   0.00000   0.00000   0.99583
   21PY     0.00000   0.00000   0.00000   0.99575   0.00000
   22PZ     0.00009   0.00517   0.99564   0.00000   0.00000
   23PX     0.00000   0.00000   0.00000   0.00000   0.01226
   24PY     0.00000   0.00000   0.00000   0.01251   0.00000
   25PZ    -0.00025  -0.00012   0.01252   0.00000   0.00000
   26PX     0.00000   0.00000   0.00000   0.00000   0.00106
   27PY     0.00000   0.00000   0.00000   0.00116   0.00000
   28PZ    -0.00078  -0.00203   0.00122   0.00000   0.00000
   29DXX   -0.00000  -0.00026  -0.00016   0.00000   0.00000
   30DXY    0.00000   0.00000   0.00000   0.00000   0.00000
   31DXZ    0.00000   0.00000   0.00000   0.00000   0.00035
   32DYY   -0.00000  -0.00012  -0.00015   0.00000   0.00000
   33DYZ    0.00000   0.00000   0.00000   0.00034   0.00000
   34DZZ    0.00000   0.00038   0.00031   0.00000   0.00000
               6         7         8         9        10
            2.00000   2.00000   2.00000   2.00000   2.00000
 
    1S      0.99929  -0.06607   0.12845   0.00000   0.00000
    2S      0.00192   0.13081  -0.31020   0.00000   0.00000
    3S     -0.00052  -0.04297   0.11163   0.00000   0.00000
    4PX     0.00000   0.00000   0.00000   0.00000  -0.16795
    5PY     0.00000   0.00000   0.00000  -0.19903   0.00000
    6PZ    -0.00022  -0.13770   0.23264   0.00000   0.00000
    7PX     0.00000   0.00000   0.00000   0.00000  -0.00731
    8PY     0.00000   0.00000   0.00000  -0.02833   0.00000
    9PZ     0.00018   0.00721  -0.01573   0.00000   0.00000
   10DXX   -0.00022   0.01519  -0.01616   0.00000   0.00000
   11DXY    0.00000   0.00000   0.00000   0.00000   0.00000
   12DXZ    0.00000   0.00000   0.00000   0.00000  -0.03560
   13DYY   -0.00009   0.01280  -0.01219   0.00000   0.00000
   14DYZ    0.00000   0.00000   0.00000  -0.03911   0.00000
   15DZZ    0.00031  -0.02799   0.02835   0.00000   0.00000
   16S     -0.00009  -0.09205  -0.02843   0.00000   0.00000
   17S      0.00042   0.36497   0.11717   0.00000   0.00000
   18S      0.00019   0.61435   0.19041   0.00000   0.00000
   19S     -0.00069  -0.35567  -0.26461   0.00000   0.00000
   20PX     0.00000   0.00000   0.00000   0.00000  -0.29148
   21PY     0.00000   0.00000   0.00000  -0.28621   0.00000
   22PZ     0.00120   0.04192  -0.24853   0.00000   0.00000
   23PX     0.00000   0.00000   0.00000   0.00000   0.76013
   24PY     0.00000   0.00000   0.00000   0.74471   0.00000
   25PZ    -0.00124  -0.09093   0.62039   0.00000   0.00000
   26PX     0.00000   0.00000   0.00000   0.00000  -0.31330
   27PY     0.00000   0.00000   0.00000  -0.30219   0.00000
   28PZ     0.00023  -0.01489  -0.15772   0.00000   0.00000
   29DXX    0.00056   0.01219  -0.02014   0.00000   0.00000
   30DXY    0.00000   0.00000   0.00000   0.00000   0.00000
   31DXZ    0.00000   0.00000   0.00000   0.00000   0.02125
   32DYY    0.00055   0.00758  -0.02051   0.00000   0.00000
   33DYZ    0.00000   0.00000   0.00000   0.02712   0.00000
   34DZZ   -0.00111  -0.01976   0.04065   0.00000   0.00000
              11        12        13        14        15
            1.00000   1.00000   0.00000   0.00000   0.00000
 
    1S      0.17806   0.00000   0.00000   0.06356   0.00000
    2S     -0.45975   0.00000   0.00000  -0.13714   0.00000
    3S      0.49733   0.00000   0.00000   1.04298   0.00000
    4PX     0.00000   0.81036   0.00000   0.00000  -0.80786
    5PY     0.00000   0.00000   0.70735   0.00000   0.00000
    6PZ    -0.45650   0.00000   0.00000   0.31297   0.00000
    7PX     0.00000   0.36599   0.00000   0.00000   1.19572
    8PY     0.00000   0.00000   0.50080   0.00000   0.00000
    9PZ    -0.06411   0.00000   0.00000   1.27159   0.00000
   10DXX    0.01665   0.00000   0.00000   0.01225   0.00000
   11DXY    0.00000   0.00000   0.00000   0.00000   0.00000
   12DXZ    0.00000  -0.00070   0.00000   0.00000  -0.04660
   13DYY   -0.00197   0.00000   0.00000   0.01239   0.00000
   14DYZ    0.00000   0.00000   0.01516   0.00000   0.00000
   15DZZ   -0.01468   0.00000   0.00000  -0.02464   0.00000
   16S     -0.00892   0.00000   0.00000  -0.03416   0.00000
   17S      0.03386   0.00000   0.00000   0.15724   0.00000
   18S      0.06955   0.00000   0.00000   0.20558   0.00000
   19S     -0.04313   0.00000   0.00000  -1.16769   0.00000
   20PX     0.00000  -0.09941   0.00000   0.00000  -0.03605
   21PY     0.00000   0.00000  -0.11336   0.00000   0.00000
   22PZ     0.10005   0.00000   0.00000   0.05922   0.00000
   23PX     0.00000   0.27315   0.00000   0.00000   0.11365
   24PY     0.00000   0.00000   0.30854   0.00000   0.00000
   25PZ    -0.26298   0.00000   0.00000  -0.15344   0.00000
   26PX     0.00000  -0.26610   0.00000   0.00000  -0.11105
   27PY     0.00000   0.00000  -0.31112   0.00000   0.00000
   28PZ     0.11601   0.00000   0.00000   0.68767   0.00000
   29DXX    0.00231   0.00000   0.00000  -0.02289   0.00000
   30DXY    0.00000   0.00000   0.00000   0.00000   0.00000
   31DXZ    0.00000  -0.06466   0.00000   0.00000   0.05494
   32DYY    0.00145   0.00000   0.00000  -0.02485   0.00000
   33DYZ    0.00000   0.00000  -0.07077   0.00000   0.00000
   34DZZ   -0.00377   0.00000   0.00000   0.04774   0.00000
              16        17        18        19        20
            0.00000   0.00000   0.00000   0.00000   0.00000
 
    1S      0.00000   0.03984  -0.11078  -0.04341   0.00000
    2S      0.00000  -0.52593   1.46464  -0.14070   0.00000
    3S      0.00000   0.07795   1.79737   0.38519   0.00000
    4PX     0.00000   0.00000   0.00000   0.00000   0.00000
    5PY    -0.88506   0.00000   0.00000   0.00000   0.11129
    6PZ     0.00000   0.95963   0.32250  -0.32392   0.00000
    7PX     0.00000   0.00000   0.00000   0.00000   0.00000
    8PY     1.13833   0.00000   0.00000   0.00000  -0.61314
    9PZ     0.00000  -0.78352  -0.10630   0.23945   0.00000
   10DXX    0.00000   0.00700   0.00697  -0.10902   0.00000
   11DXY    0.00000   0.00000   0.00000   0.00000   0.00000
   12DXZ    0.00000   0.00000   0.00000   0.00000   0.00000
   13DYY    0.00000   0.00292   0.01330  -0.11041   0.00000
   14DYZ   -0.05285   0.00000   0.00000   0.00000  -0.10357
   15DZZ    0.00000  -0.00993  -0.02027   0.21943   0.00000
   16S      0.00000  -0.01475  -0.01731  -0.00317   0.00000
   17S      0.00000   0.05965   0.03538   0.02132   0.00000
   18S      0.00000   0.11198   0.23235   0.00646   0.00000
   19S      0.00000  -0.02613  -0.20288  -0.26647   0.00000
   20PX     0.00000   0.00000   0.00000   0.00000   0.00000
   21PY    -0.03018   0.00000   0.00000   0.00000  -0.28522
   22PZ     0.00000   0.06462  -0.04944  -0.28968   0.00000
   23PX     0.00000   0.00000   0.00000   0.00000   0.00000
   24PY     0.10253   0.00000   0.00000   0.00000   1.07141
   25PZ     0.00000  -0.14640   0.15830   1.03450   0.00000
   26PX     0.00000   0.00000   0.00000   0.00000   0.00000
   27PY    -0.05440   0.00000   0.00000   0.00000   1.47544
   28PZ     0.00000   0.79894   0.31582   1.26885   0.00000
   29DXX    0.00000  -0.12584   0.05094   0.01572   0.00000
   30DXY    0.00000   0.00000   0.00000   0.00000   0.00000
   31DXZ    0.00000   0.00000   0.00000   0.00000   0.00000
   32DYY    0.00000  -0.13076   0.05336   0.01534   0.00000
   33DYZ    0.06857   0.00000   0.00000   0.00000   0.09379
   34DZZ    0.00000   0.25661  -0.10430  -0.03105   0.00000
              21        22        23        24        25
            0.00000   0.00000   0.00000   0.00000   0.00000
 
    1S      0.00000   0.00000   0.00000   0.00000  -0.00772
    2S      0.00000   0.00000   0.00000   0.00000   0.10201
    3S      0.00000   0.00000   0.00000   0.00000   0.34781
    4PX     0.08364   0.00000  -0.16777   0.00000   0.00000
    5PY     0.00000  -0.19383   0.00000   0.00000   0.00000
    6PZ     0.00000   0.00000   0.00000   0.00000   0.03320
    7PX    -0.59829   0.00000   0.08860   0.00000   0.00000
    8PY     0.00000   0.08488   0.00000   0.00000   0.00000
    9PZ     0.00000   0.00000   0.00000   0.00000   0.20449
   10DXX    0.00000   0.00000   0.00000   0.00000   0.59976
   11DXY    0.00000   0.00000   0.00000   0.75594   0.00000
   12DXZ   -0.10490   0.00000   0.66479   0.00000   0.00000
   13DYY    0.00000   0.00000   0.00000   0.00000  -0.66873
   14DYZ    0.00000   0.66596   0.00000   0.00000   0.00000
   15DZZ    0.00000   0.00000   0.00000   0.00000   0.06897
   16S      0.00000   0.00000   0.00000   0.00000   0.01797
   17S      0.00000   0.00000   0.00000   0.00000   0.00592
   18S      0.00000   0.00000   0.00000   0.00000  -0.36141
   19S      0.00000   0.00000   0.00000   0.00000  -0.64121
   20PX    -0.28379   0.00000  -0.07791   0.00000   0.00000
   21PY     0.00000  -0.07698   0.00000   0.00000   0.00000
   22PZ     0.00000   0.00000   0.00000   0.00000   0.00483
   23PX     1.06817   0.00000   0.27888   0.00000   0.00000
   24PY     0.00000   0.27627   0.00000   0.00000   0.00000
   25PZ     0.00000   0.00000   0.00000   0.00000  -0.02725
   26PX     1.47893   0.00000   0.06444   0.00000   0.00000
   27PY     0.00000   0.06965   0.00000   0.00000   0.00000
   28PZ     0.00000   0.00000   0.00000   0.00000   0.10806
   29DXX    0.00000   0.00000   0.00000   0.00000   0.49483
   30DXY    0.00000   0.00000   0.00000   0.61262   0.00000
   31DXZ    0.09530   0.00000  -0.60007   0.00000   0.00000
   32DYY    0.00000   0.00000   0.00000   0.00000  -0.56465
   33DYZ    0.00000  -0.59585   0.00000   0.00000   0.00000
   34DZZ    0.00000   0.00000   0.00000   0.00000   0.06982
              26        27        28        29        30
            0.00000   0.00000   0.00000   0.00000   0.00000
 
    1S      0.03040   0.00000   0.00087  -0.00283   0.00000
    2S     -0.46091   0.00000  -0.00108   0.36968   0.00000
    3S     -1.74175   0.00000  -0.01672  -0.55382   0.00000
    4PX     0.00000   0.00000   0.00000   0.00000   0.00000
    5PY     0.00000   0.00000   0.00000   0.00000   0.14259
    6PZ    -0.15181   0.00000  -0.01094  -0.29257   0.00000
    7PX     0.00000   0.00000   0.00000   0.00000   0.00000
    8PY     0.00000   0.00000   0.00000   0.00000   0.18029
    9PZ    -1.01937   0.00000  -0.00828  -0.14191   0.00000
   10DXX    0.30303   0.00000  -0.57894  -0.34325   0.00000
   11DXY    0.00000  -0.65717   0.00000   0.00000   0.00000
   12DXZ    0.00000   0.00000   0.00000   0.00000   0.00000
   13DYY    0.04597   0.00000   0.57614  -0.35668   0.00000
   14DYZ    0.00000   0.00000   0.00000   0.00000   0.85761
   15DZZ   -0.34900   0.00000   0.00280   0.69993   0.00000
   16S     -0.08875   0.00000  -0.00102  -0.06933   0.00000
   17S     -0.03633   0.00000  -0.00109  -0.00818   0.00000
   18S      1.80592   0.00000   0.02294   1.38564   0.00000
   19S      3.22804   0.00000   0.04006   1.71792   0.00000
   20PX     0.00000   0.00000   0.00000   0.00000   0.00000
   21PY     0.00000   0.00000   0.00000   0.00000  -0.02779
   22PZ    -0.03306   0.00000   0.00133   0.10734   0.00000
   23PX     0.00000   0.00000   0.00000   0.00000   0.00000
   24PY     0.00000   0.00000   0.00000   0.00000   0.08660
   25PZ     0.15941   0.00000  -0.00491  -0.54478   0.00000
   26PX     0.00000   0.00000   0.00000   0.00000   0.00000
   27PY     0.00000   0.00000   0.00000   0.00000  -0.31188
   28PZ    -0.56242   0.00000  -0.01415  -0.95781   0.00000
   29DXX    0.28288   0.00000   0.67643  -0.24213   0.00000
   30DXY    0.00000   0.79247   0.00000   0.00000   0.00000
   31DXZ    0.00000   0.00000   0.00000   0.00000   0.00000
   32DYY    0.07913   0.00000  -0.68214  -0.22878   0.00000
   33DYZ    0.00000   0.00000   0.00000   0.00000   0.85194
   34DZZ   -0.36201   0.00000   0.00571   0.47091   0.00000
              31        32        33        34
            0.00000   0.00000   0.00000   0.00000
 
    1S      0.00000  -0.08191   0.00000   0.00000
    2S      0.00000   0.41124   0.00000   0.00000
    3S      0.00000  -0.92850   0.00000   0.00000
    4PX     0.14459   0.00000   0.00000   0.00000
    5PY     0.00000   0.00000   0.00000   0.00000
    6PZ     0.00000  -0.93809   0.00000   0.00000
    7PX     0.18305   0.00000   0.00000   0.00000
    8PY     0.00000   0.00000   0.00000   0.00000
    9PZ     0.00000  -0.41860   0.00000   0.00000
   10DXX    0.00000   0.53463   0.00000   0.00000
   11DXY    0.00000   0.00000   0.00000   0.00000
   12DXZ    0.85901   0.00000   0.00000   0.00000
   13DYY    0.00000   0.53099   0.00000   0.00000
   14DYZ    0.00000   0.00000   0.00000   0.00000
   15DZZ    0.00000  -1.06562   0.00000   0.00000
   16S      0.00000  -0.00279   0.00000   0.00000
   17S      0.00000  -0.10499   0.00000   0.00000
   18S      0.00000   0.31312   0.00000   0.00000
   19S      0.00000   1.75483   0.00000   0.00000
   20PX    -0.02861   0.00000   0.00000   0.00000
   21PY     0.00000   0.00000   0.00000   0.00000
   22PZ     0.00000  -0.17837   0.00000   0.00000
   23PX     0.08920   0.00000   0.00000   0.00000
   24PY     0.00000   0.00000   0.00000   0.00000
   25PZ     0.00000   0.80837   0.00000   0.00000
   26PX    -0.31214   0.00000   0.00000   0.00000
   27PY     0.00000   0.00000   0.00000   0.00000
   28PZ     0.00000  -0.45711   0.00000   0.00000
   29DXX    0.00000  -0.46730   0.00000   0.00000
   30DXY    0.00000   0.00000   0.00000   0.00000
   31DXZ    0.85045   0.00000   0.00000   0.00000
   32DYY    0.00000  -0.46386   0.00000   0.00000
   33DYZ    0.00000   0.00000   0.00000   0.00000
   34DZZ    0.00000   0.93116   0.00000   0.00000
 
 ALPHA MO COEFFICIENTS OF THE SECOND STATE                                       
 COEFFICIENTS OF SPHERICAL MOs
               1         2         3         4         5
            2.00000   2.00000   2.00000   2.00000   2.00000
 
    1s      0.00004   0.00007  -0.00041   0.00000   0.00000
    2s     -0.00009  -0.00008   0.00030   0.00000   0.00000
    3s     -0.00125  -0.00327   0.00079   0.00000   0.00000
    4py     0.00000   0.00000   0.00000   0.00000   0.00013
    5pz    -0.00007  -0.00045   0.00020   0.00000   0.00000
    6px     0.00000   0.00000   0.00000   0.00014   0.00000
    7py     0.00000   0.00000   0.00000   0.00000  -0.00006
    8pz    -0.00073  -0.00191   0.00035   0.00000   0.00000
    9px     0.00000   0.00000   0.00000  -0.00009   0.00000
   10d-2    0.00000   0.00000   0.00000   0.00000   0.00000
   11d-1    0.00000   0.00000   0.00000   0.00000   0.00007
   12d 0    0.00021   0.00045   0.00114   0.00000   0.00000
   13d+1    0.00000   0.00000   0.00000   0.00008   0.00000
   14d+2   -0.00000   0.00000   0.00000   0.00000   0.00000
   15s      0.99672  -0.30636   0.00158   0.00000   0.00000
   16s      0.01083   1.04056  -0.00551   0.00000   0.00000
   17s      0.00456  -0.00136  -0.00013   0.00000   0.00000
   18s      0.00362   0.00820  -0.00068   0.00000   0.00000
   19py     0.00000   0.00000   0.00000   0.00000   0.99583
   20pz     0.00009   0.00517   0.99564   0.00000   0.00000
   21px     0.00000   0.00000   0.00000   0.99575   0.00000
   22py     0.00000   0.00000   0.00000   0.00000   0.01226
   23pz    -0.00025  -0.00012   0.01252   0.00000   0.00000
   24px     0.00000   0.00000   0.00000   0.01251   0.00000
   25py     0.00000   0.00000   0.00000   0.00000   0.00106
   26pz    -0.00078  -0.00203   0.00122   0.00000   0.00000
   27px     0.00000   0.00000   0.00000   0.00116   0.00000
   28d-2    0.00000   0.00000   0.00000   0.00000   0.00000
   29d-1    0.00000   0.00000   0.00000   0.00000   0.00035
   30d 0    0.00000   0.00038   0.00031   0.00000   0.00000
   31d+1    0.00000   0.00000   0.00000   0.00034   0.00000
   32d+2    0.00000   0.00008   0.00000   0.00000   0.00000
               6         7         8         9        10
            2.00000   2.00000   2.00000   2.00000   2.00000
 
    1s      0.99929  -0.06607   0.12845   0.00000   0.00000
    2s      0.00192   0.13081  -0.31020   0.00000   0.00000
    3s     -0.00052  -0.04297   0.11163   0.00000   0.00000
    4py     0.00000   0.00000   0.00000   0.00000  -0.16795
    5pz    -0.00022  -0.13770   0.23264   0.00000   0.00000
    6px     0.00000   0.00000   0.00000  -0.19903   0.00000
    7py     0.00000   0.00000   0.00000   0.00000  -0.00731
    8pz     0.00018   0.00721  -0.01573   0.00000   0.00000
    9px     0.00000   0.00000   0.00000  -0.02833   0.00000
   10d-2    0.00000   0.00000   0.00000   0.00000   0.00000
   11d-1    0.00000   0.00000   0.00000   0.00000  -0.03560
   12d 0    0.00031  -0.02799   0.02835   0.00000   0.00000
   13d+1    0.00000   0.00000   0.00000  -0.03911   0.00000
   14d+2    0.00007  -0.00138   0.00229   0.00000   0.00000
   15s     -0.00009  -0.09205  -0.02843   0.00000   0.00000
   16s      0.00042   0.36497   0.11717   0.00000   0.00000
   17s      0.00019   0.61435   0.19041   0.00000   0.00000
   18s     -0.00069  -0.35567  -0.26461   0.00000   0.00000
   19py     0.00000   0.00000   0.00000   0.00000  -0.29148
   20pz     0.00120   0.04192  -0.24853   0.00000   0.00000
   21px     0.00000   0.00000   0.00000  -0.28621   0.00000
   22py     0.00000   0.00000   0.00000   0.00000   0.76013
   23pz    -0.00124  -0.09093   0.62039   0.00000   0.00000
   24px     0.00000   0.00000   0.00000   0.74471   0.00000
   25py     0.00000   0.00000   0.00000   0.00000  -0.31330
   26pz     0.00023  -0.01489  -0.15772   0.00000   0.00000
   27px     0.00000   0.00000   0.00000  -0.30219   0.00000
   28d-2    0.00000   0.00000   0.00000   0.00000   0.00000
   29d-1    0.00000   0.00000   0.00000   0.00000   0.02125
   30d 0   -0.00111  -0.01976   0.04065   0.00000   0.00000
   31d+1    0.00000   0.00000   0.00000   0.02712   0.00000
   32d+2   -0.00001  -0.00266  -0.00022   0.00000   0.00000
              11        12        13        14        15
            1.00000   1.00000   0.00000   0.00000   0.00000
 
    1s      0.17806   0.00000   0.00000   0.06356   0.00000
    2s     -0.45975   0.00000   0.00000  -0.13714   0.00000
    3s      0.49733   0.00000   0.00000   1.04298   0.00000
    4py     0.00000   0.81036   0.00000   0.00000  -0.80786
    5pz    -0.45650   0.00000   0.00000   0.31297   0.00000
    6px     0.00000   0.00000   0.70735   0.00000   0.00000
    7py     0.00000   0.36599   0.00000   0.00000   1.19572
    8pz    -0.06411   0.00000   0.00000   1.27159   0.00000
    9px     0.00000   0.00000   0.50080   0.00000   0.00000
   10d-2    0.00000   0.00000   0.00000   0.00000   0.00000
   11d-1    0.00000  -0.00070   0.00000   0.00000  -0.04660
   12d 0   -0.01468   0.00000   0.00000  -0.02464   0.00000
   13d+1    0.00000   0.00000   0.01516   0.00000   0.00000
   14d+2   -0.01075   0.00000   0.00000   0.00008   0.00000
   15s     -0.00892   0.00000   0.00000  -0.03416   0.00000
   16s      0.03386   0.00000   0.00000   0.15724   0.00000
   17s      0.06955   0.00000   0.00000   0.20558   0.00000
   18s     -0.04313   0.00000   0.00000  -1.16769   0.00000
   19py     0.00000  -0.09941   0.00000   0.00000  -0.03605
   20pz     0.10005   0.00000   0.00000   0.05922   0.00000
   21px     0.00000   0.00000  -0.11336   0.00000   0.00000
   22py     0.00000   0.27315   0.00000   0.00000   0.11365
   23pz    -0.26298   0.00000   0.00000  -0.15344   0.00000
   24px     0.00000   0.00000   0.30854   0.00000   0.00000
   25py     0.00000  -0.26610   0.00000   0.00000  -0.11105
   26pz     0.11601   0.00000   0.00000   0.68767   0.00000
   27px     0.00000   0.00000  -0.31112   0.00000   0.00000
   28d-2    0.00000   0.00000   0.00000   0.00000   0.00000
   29d-1    0.00000  -0.06466   0.00000   0.00000   0.05494
   30d 0   -0.00377   0.00000   0.00000   0.04774   0.00000
   31d+1    0.00000   0.00000  -0.07077   0.00000   0.00000
   32d+2   -0.00050   0.00000   0.00000  -0.00113   0.00000
              16        17        18        19        20
            0.00000   0.00000   0.00000   0.00000   0.00000
 
    1s      0.00000   0.03984  -0.11078  -0.04341   0.00000
    2s      0.00000  -0.52593   1.46464  -0.14070   0.00000
    3s      0.00000   0.07795   1.79737   0.38519   0.00000
    4py     0.00000   0.00000   0.00000   0.00000   0.00000
    5pz     0.00000   0.95963   0.32250  -0.32392   0.00000
    6px    -0.88506   0.00000   0.00000   0.00000   0.11129
    7py     0.00000   0.00000   0.00000   0.00000   0.00000
    8pz     0.00000  -0.78352  -0.10630   0.23945   0.00000
    9px     1.13833   0.00000   0.00000   0.00000  -0.61314
   10d-2    0.00000   0.00000   0.00000   0.00000   0.00000
   11d-1    0.00000   0.00000   0.00000   0.00000   0.00000
   12d 0    0.00000  -0.00993  -0.02027   0.21943   0.00000
   13d+1   -0.05285   0.00000   0.00000   0.00000  -0.10357
   14d+2    0.00000  -0.00235   0.00366  -0.00081   0.00000
   15s      0.00000  -0.01475  -0.01731  -0.00317   0.00000
   16s      0.00000   0.05965   0.03538   0.02132   0.00000
   17s      0.00000   0.11198   0.23235   0.00646   0.00000
   18s      0.00000  -0.02613  -0.20288  -0.26647   0.00000
   19py     0.00000   0.00000   0.00000   0.00000   0.00000
   20pz     0.00000   0.06462  -0.04944  -0.28968   0.00000
   21px    -0.03018   0.00000   0.00000   0.00000  -0.28522
   22py     0.00000   0.00000   0.00000   0.00000   0.00000
   23pz     0.00000  -0.14640   0.15830   1.03450   0.00000
   24px     0.10253   0.00000   0.00000   0.00000   1.07141
   25py     0.00000   0.00000   0.00000   0.00000   0.00000
   26pz     0.00000   0.79894   0.31582   1.26885   0.00000
   27px    -0.05440   0.00000   0.00000   0.00000   1.47544
   28d-2    0.00000   0.00000   0.00000   0.00000   0.00000
   29d-1    0.00000   0.00000   0.00000   0.00000   0.00000
   30d 0    0.00000   0.25661  -0.10430  -0.03105   0.00000
   31d+1    0.06857   0.00000   0.00000   0.00000   0.09379
   32d+2    0.00000  -0.00284   0.00139  -0.00022   0.00000
              21        22        23        24        25
            0.00000   0.00000   0.00000   0.00000   0.00000
 
    1s      0.00000   0.00000   0.00000   0.00000   0.00772
    2s      0.00000   0.00000   0.00000   0.00000  -0.10201
    3s      0.00000   0.00000   0.00000   0.00000  -0.34781
    4py     0.08364   0.00000  -0.16777   0.00000   0.00000
    5pz     0.00000   0.00000   0.00000   0.00000  -0.03320
    6px     0.00000  -0.19383   0.00000   0.00000   0.00000
    7py    -0.59829   0.00000   0.08860   0.00000   0.00000
    8pz     0.00000   0.00000   0.00000   0.00000  -0.20449
    9px     0.00000   0.08488   0.00000   0.00000   0.00000
   10d-2    0.00000   0.00000   0.00000   0.75594   0.00000
   11d-1   -0.10490   0.00000   0.66479   0.00000   0.00000
   12d 0    0.00000   0.00000   0.00000   0.00000  -0.06897
   13d+1    0.00000   0.66596   0.00000   0.00000   0.00000
   14d+2    0.00000   0.00000   0.00000   0.00000   0.73236
   15s      0.00000   0.00000   0.00000   0.00000  -0.01797
   16s      0.00000   0.00000   0.00000   0.00000  -0.00592
   17s      0.00000   0.00000   0.00000   0.00000   0.36141
   18s      0.00000   0.00000   0.00000   0.00000   0.64121
   19py    -0.28379   0.00000  -0.07791   0.00000   0.00000
   20pz     0.00000   0.00000   0.00000   0.00000  -0.00483
   21px     0.00000  -0.07698   0.00000   0.00000   0.00000
   22py     1.06817   0.00000   0.27888   0.00000   0.00000
   23pz     0.00000   0.00000   0.00000   0.00000   0.02725
   24px     0.00000   0.27627   0.00000   0.00000   0.00000
   25py     1.47893   0.00000   0.06444   0.00000   0.00000
   26pz     0.00000   0.00000   0.00000   0.00000  -0.10806
   27px     0.00000   0.06965   0.00000   0.00000   0.00000
   28d-2    0.00000   0.00000   0.00000   0.61262   0.00000
   29d-1    0.09530   0.00000  -0.60007   0.00000   0.00000
   30d 0    0.00000   0.00000   0.00000   0.00000  -0.06982
   31d+1    0.00000  -0.59585   0.00000   0.00000   0.00000
   32d+2    0.00000   0.00000   0.00000   0.00000   0.61169
              26        27        28        29        30
            0.00000   0.00000   0.00000   0.00000   0.00000
 
    1s      0.03040   0.00000  -0.00087  -0.00283   0.00000
    2s     -0.46091   0.00000   0.00108   0.36968   0.00000
    3s     -1.74175   0.00000   0.01672  -0.55382   0.00000
    4py     0.00000   0.00000   0.00000   0.00000   0.00000
    5pz    -0.15181   0.00000   0.01094  -0.29257   0.00000
    6px     0.00000   0.00000   0.00000   0.00000   0.14259
    7py     0.00000   0.00000   0.00000   0.00000   0.00000
    8pz    -1.01937   0.00000   0.00828  -0.14191   0.00000
    9px     0.00000   0.00000   0.00000   0.00000   0.18029
   10d-2    0.00000  -0.65717   0.00000   0.00000   0.00000
   11d-1    0.00000   0.00000   0.00000   0.00000   0.00000
   12d 0   -0.34900   0.00000  -0.00280   0.69993   0.00000
   13d+1    0.00000   0.00000   0.00000   0.00000   0.85761
   14d+2   -0.14842   0.00000  -0.66688  -0.00775   0.00000
   15s     -0.08875   0.00000   0.00102  -0.06933   0.00000
   16s     -0.03633   0.00000   0.00109  -0.00818   0.00000
   17s      1.80592   0.00000  -0.02294   1.38564   0.00000
   18s      3.22804   0.00000  -0.04006   1.71792   0.00000
   19py     0.00000   0.00000   0.00000   0.00000   0.00000
   20pz    -0.03306   0.00000  -0.00133   0.10734   0.00000
   21px     0.00000   0.00000   0.00000   0.00000  -0.02779
   22py     0.00000   0.00000   0.00000   0.00000   0.00000
   23pz     0.15941   0.00000   0.00491  -0.54478   0.00000
   24px     0.00000   0.00000   0.00000   0.00000   0.08660
   25py     0.00000   0.00000   0.00000   0.00000   0.00000
   26pz    -0.56242   0.00000   0.01415  -0.95781   0.00000
   27px     0.00000   0.00000   0.00000   0.00000  -0.31188
   28d-2    0.00000   0.79247   0.00000   0.00000   0.00000
   29d-1    0.00000   0.00000   0.00000   0.00000   0.00000
   30d 0   -0.36201   0.00000  -0.00571   0.47091   0.00000
   31d+1    0.00000   0.00000   0.00000   0.00000   0.85194
   32d+2   -0.11763   0.00000   0.78437   0.00771   0.00000
              31        32
            0.00000   0.00000
 
    1s      0.00000  -0.08191
    2s      0.00000   0.41124
    3s      0.00000  -0.92850
    4py     0.14459   0.00000
    5pz     0.00000  -0.93809
    6px     0.00000   0.00000
    7py     0.18305   0.00000
    8pz     0.00000  -0.41860
    9px     0.00000   0.00000
   10d-2    0.00000   0.00000
   11d-1    0.85901   0.00000
   12d 0    0.00000  -1.06562
   13d+1    0.00000   0.00000
   14d+2    0.00000  -0.00210
   15s      0.00000  -0.00279
   16s      0.00000  -0.10499
   17s      0.00000   0.31312
   18s      0.00000   1.75483
   19py    -0.02861   0.00000
   20pz     0.00000  -0.17837
   21px     0.00000   0.00000
   22py     0.08920   0.00000
   23pz     0.00000   0.80837
   24px     0.00000   0.00000
   25py    -0.31214   0.00000
   26pz     0.00000  -0.45711
   27px     0.00000   0.00000
   28d-2    0.00000   0.00000
   29d-1    0.85045   0.00000
   30d 0    0.00000   0.93116
   31d+1    0.00000   0.00000
   32d+2    0.00000   0.00199
 
 ALPHA MO COEFFICIENTS OF THE SECOND STATE                                       
 COEFFICIENTS OF CARTESIAN
               1         2         3         4         5
            2.00000   2.00000   2.00000   2.00000   2.00000
 
    1S      0.00004   0.00007  -0.00041   0.00000   0.00000
    2S     -0.00009  -0.00008   0.00030   0.00000   0.00000
    3S     -0.00125  -0.00327   0.00079   0.00000   0.00000
    4PX     0.00000   0.00000   0.00000   0.00014   0.00000
    5PY     0.00000   0.00000   0.00000   0.00000   0.00013
    6PZ    -0.00007  -0.00045   0.00020   0.00000   0.00000
    7PX     0.00000   0.00000   0.00000  -0.00009   0.00000
    8PY     0.00000   0.00000   0.00000   0.00000  -0.00006
    9PZ    -0.00073  -0.00191   0.00035   0.00000   0.00000
   10DXX   -0.00011  -0.00023  -0.00057   0.00000   0.00000
   11DXY    0.00000   0.00000   0.00000   0.00000   0.00000
   12DXZ    0.00000   0.00000   0.00000   0.00008   0.00000
   13DYY   -0.00011  -0.00023  -0.00057   0.00000   0.00000
   14DYZ    0.00000   0.00000   0.00000   0.00000   0.00007
   15DZZ    0.00021   0.00045   0.00114   0.00000   0.00000
   16S      0.99672  -0.30636   0.00158   0.00000   0.00000
   17S      0.01083   1.04056  -0.00551   0.00000   0.00000
   18S      0.00456  -0.00136  -0.00013   0.00000   0.00000
   19S      0.00362   0.00820  -0.00068   0.00000   0.00000
   20PX     0.00000   0.00000   0.00000   0.99575   0.00000
   21PY     0.00000   0.00000   0.00000   0.00000   0.99583
   22PZ     0.00009   0.00517   0.99564   0.00000   0.00000
   23PX     0.00000   0.00000   0.00000   0.01251   0.00000
   24PY     0.00000   0.00000   0.00000   0.00000   0.01226
   25PZ    -0.00025  -0.00012   0.01252   0.00000   0.00000
   26PX     0.00000   0.00000   0.00000   0.00116   0.00000
   27PY     0.00000   0.00000   0.00000   0.00000   0.00106
   28PZ    -0.00078  -0.00203   0.00122   0.00000   0.00000
   29DXX   -0.00000  -0.00012  -0.00015   0.00000   0.00000
   30DXY    0.00000   0.00000   0.00000   0.00000   0.00000
   31DXZ    0.00000   0.00000   0.00000   0.00034   0.00000
   32DYY   -0.00000  -0.00026  -0.00016   0.00000   0.00000
   33DYZ    0.00000   0.00000   0.00000   0.00000   0.00035
   34DZZ    0.00000   0.00038   0.00031   0.00000   0.00000
               6         7         8         9        10
            2.00000   2.00000   2.00000   2.00000   2.00000
 
    1S      0.99929  -0.06607   0.12845   0.00000   0.00000
    2S      0.00192   0.13081  -0.31020   0.00000   0.00000
    3S     -0.00052  -0.04297   0.11163   0.00000   0.00000
    4PX     0.00000   0.00000   0.00000  -0.19903   0.00000
    5PY     0.00000   0.00000   0.00000   0.00000  -0.16795
    6PZ    -0.00022  -0.13770   0.23264   0.00000   0.00000
    7PX     0.00000   0.00000   0.00000  -0.02833   0.00000
    8PY     0.00000   0.00000   0.00000   0.00000  -0.00731
    9PZ     0.00018   0.00721  -0.01573   0.00000   0.00000
   10DXX   -0.00009   0.01280  -0.01219   0.00000   0.00000
   11DXY    0.00000   0.00000   0.00000   0.00000   0.00000
   12DXZ    0.00000   0.00000   0.00000  -0.03911   0.00000
   13DYY   -0.00022   0.01519  -0.01616   0.00000   0.00000
   14DYZ    0.00000   0.00000   0.00000   0.00000  -0.03560
   15DZZ    0.00031  -0.02799   0.02835   0.00000   0.00000
   16S     -0.00009  -0.09205  -0.02843   0.00000   0.00000
   17S      0.00042   0.36497   0.11717   0.00000   0.00000
   18S      0.00019   0.61435   0.19041   0.00000   0.00000
   19S     -0.00069  -0.35567  -0.26461   0.00000   0.00000
   20PX     0.00000   0.00000   0.00000  -0.28621   0.00000
   21PY     0.00000   0.00000   0.00000   0.00000  -0.29148
   22PZ     0.00120   0.04192  -0.24853   0.00000   0.00000
   23PX     0.00000   0.00000   0.00000   0.74471   0.00000
   24PY     0.00000   0.00000   0.00000   0.00000   0.76013
   25PZ    -0.00124  -0.09093   0.62039   0.00000   0.00000
   26PX     0.00000   0.00000   0.00000  -0.30219   0.00000
   27PY     0.00000   0.00000   0.00000   0.00000  -0.31330
   28PZ     0.00023  -0.01489  -0.15772   0.00000   0.00000
   29DXX    0.00055   0.00758  -0.02051   0.00000   0.00000
   30DXY    0.00000   0.00000   0.00000   0.00000   0.00000
   31DXZ    0.00000   0.00000   0.00000   0.02712   0.00000
   32DYY    0.00056   0.01219  -0.02014   0.00000   0.00000
   33DYZ    0.00000   0.00000   0.00000   0.00000   0.02125
   34DZZ   -0.00111  -0.01976   0.04065   0.00000   0.00000
              11        12        13        14        15
            1.00000   1.00000   0.00000   0.00000   0.00000
 
    1S      0.17806   0.00000   0.00000   0.06356   0.00000
    2S     -0.45975   0.00000   0.00000  -0.13714   0.00000
    3S      0.49733   0.00000   0.00000   1.04298   0.00000
    4PX     0.00000   0.00000   0.70735   0.00000   0.00000
    5PY     0.00000   0.81036   0.00000   0.00000  -0.80786
    6PZ    -0.45650   0.00000   0.00000   0.31297   0.00000
    7PX     0.00000   0.00000   0.50080   0.00000   0.00000
    8PY     0.00000   0.36599   0.00000   0.00000   1.19572
    9PZ    -0.06411   0.00000   0.00000   1.27159   0.00000
   10DXX   -0.00197   0.00000   0.00000   0.01239   0.00000
   11DXY    0.00000   0.00000   0.00000   0.00000   0.00000
   12DXZ    0.00000   0.00000   0.01516   0.00000   0.00000
   13DYY    0.01665   0.00000   0.00000   0.01225   0.00000
   14DYZ    0.00000  -0.00070   0.00000   0.00000  -0.04660
   15DZZ   -0.01468   0.00000   0.00000  -0.02464   0.00000
   16S     -0.00892   0.00000   0.00000  -0.03416   0.00000
   17S      0.03386   0.00000   0.00000   0.15724   0.00000
   18S      0.06955   0.00000   0.00000   0.20558   0.00000
   19S     -0.04313   0.00000   0.00000  -1.16769   0.00000
   20PX     0.00000   0.00000  -0.11336   0.00000   0.00000
   21PY     0.00000  -0.09941   0.00000   0.00000  -0.03605
   22PZ     0.10005   0.00000   0.00000   0.05922   0.00000
   23PX     0.00000   0.00000   0.30854   0.00000   0.00000
   24PY     0.00000   0.27315   0.00000   0.00000   0.11365
   25PZ    -0.26298   0.00000   0.00000  -0.15344   0.00000
   26PX     0.00000   0.00000  -0.31112   0.00000   0.00000
   27PY     0.00000  -0.26610   0.00000   0.00000  -0.11105
   28PZ     0.11601   0.00000   0.00000   0.68767   0.00000
   29DXX    0.00145   0.00000   0.00000  -0.02485   0.00000
   30DXY    0.00000   0.00000   0.00000   0.00000   0.00000
   31DXZ    0.00000   0.00000  -0.07077   0.00000   0.00000
   32DYY    0.00231   0.00000   0.00000  -0.02289   0.00000
   33DYZ    0.00000  -0.06466   0.00000   0.00000   0.05494
   34DZZ   -0.00377   0.00000   0.00000   0.04774   0.00000
              16        17        18        19        20
            0.00000   0.00000   0.00000   0.00000   0.00000
 
    1S      0.00000   0.03984  -0.11078  -0.04341   0.00000
    2S      0.00000  -0.52593   1.46464  -0.14070   0.00000
    3S      0.00000   0.07795   1.79737   0.38519   0.00000
    4PX    -0.88506   0.00000   0.00000   0.00000   0.11129
    5PY     0.00000   0.00000   0.00000   0.00000   0.00000
    6PZ     0.00000   0.95963   0.32250  -0.32392   0.00000
    7PX     1.13833   0.00000   0.00000   0.00000  -0.61314
    8PY     0.00000   0.00000   0.00000   0.00000   0.00000
    9PZ     0.00000  -0.78352  -0.10630   0.23945   0.00000
   10DXX    0.00000   0.00292   0.01330  -0.11041   0.00000
   11DXY    0.00000   0.00000   0.00000   0.00000   0.00000
   12DXZ   -0.05285   0.00000   0.00000   0.00000  -0.10357
   13DYY    0.00000   0.00700   0.00697  -0.10902   0.00000
   14DYZ    0.00000   0.00000   0.00000   0.00000   0.00000
   15DZZ    0.00000  -0.00993  -0.02027   0.21943   0.00000
   16S      0.00000  -0.01475  -0.01731  -0.00317   0.00000
   17S      0.00000   0.05965   0.03538   0.02132   0.00000
   18S      0.00000   0.11198   0.23235   0.00646   0.00000
   19S      0.00000  -0.02613  -0.20288  -0.26647   0.00000
   20PX    -0.03018   0.00000   0.00000   0.00000  -0.28522
   21PY     0.00000   0.00000   0.00000   0.00000   0.00000
   22PZ     0.00000   0.06462  -0.04944  -0.28968   0.00000
   23PX     0.10253   0.00000   0.00000   0.00000   1.07141
   24PY     0.00000   0.00000   0.00000   0.00000   0.00000
   25PZ     0.00000  -0.14640   0.15830   1.03450   0.00000
   26PX    -0.05440   0.00000   0.00000   0.00000   1.47544
   27PY     0.00000   0.00000   0.00000   0.00000   0.00000
   28PZ     0.00000   0.79894   0.31582   1.26885   0.00000
   29DXX    0.00000  -0.13076   0.05336   0.01534   0.00000
   30DXY    0.00000   0.00000   0.00000   0.00000   0.00000
   31DXZ    0.06857   0.00000   0.00000   0.00000   0.09379
   32DYY    0.00000  -0.12584   0.05094   0.01572   0.00000
   33DYZ    0.00000   0.00000   0.00000   0.00000   0.00000
   34DZZ    0.00000   0.25661  -0.10430  -0.03105   0.00000
              21        22        23        24        25
            0.00000   0.00000   0.00000   0.00000   0.00000
 
    1S      0.00000   0.00000   0.00000   0.00000   0.00772
    2S      0.00000   0.00000   0.00000   0.00000  -0.10201
    3S      0.00000   0.00000   0.00000   0.00000  -0.34781
    4PX     0.00000  -0.19383   0.00000   0.00000   0.00000
    5PY     0.08364   0.00000  -0.16777   0.00000   0.00000
    6PZ     0.00000   0.00000   0.00000   0.00000  -0.03320
    7PX     0.00000   0.08488   0.00000   0.00000   0.00000
    8PY    -0.59829   0.00000   0.08860   0.00000   0.00000
    9PZ     0.00000   0.00000   0.00000   0.00000  -0.20449
   10DXX    0.00000   0.00000   0.00000   0.00000   0.66873
   11DXY    0.00000   0.00000   0.00000   0.75594   0.00000
   12DXZ    0.00000   0.66596   0.00000   0.00000   0.00000
   13DYY    0.00000   0.00000   0.00000   0.00000  -0.59976
   14DYZ   -0.10490   0.00000   0.66479   0.00000   0.00000
   15DZZ    0.00000   0.00000   0.00000   0.00000  -0.06897
   16S      0.00000   0.00000   0.00000   0.00000  -0.01797
   17S      0.00000   0.00000   0.00000   0.00000  -0.00592
   18S      0.00000   0.00000   0.00000   0.00000   0.36141
   19S      0.00000   0.00000   0.00000   0.00000   0.64121
   20PX     0.00000  -0.07698   0.00000   0.00000   0.00000
   21PY    -0.28379   0.00000  -0.07791   0.00000   0.00000
   22PZ     0.00000   0.00000   0.00000   0.00000  -0.00483
   23PX     0.00000   0.27627   0.00000   0.00000   0.00000
   24PY     1.06817   0.00000   0.27888   0.00000   0.00000
   25PZ     0.00000   0.00000   0.00000   0.00000   0.02725
   26PX     0.00000   0.06965   0.00000   0.00000   0.00000
   27PY     1.47893   0.00000   0.06444   0.00000   0.00000
   28PZ     0.00000   0.00000   0.00000   0.00000  -0.10806
   29DXX    0.00000   0.00000   0.00000   0.00000   0.56465
   30DXY    0.00000   0.00000   0.00000   0.61262   0.00000
   31DXZ    0.00000  -0.59585   0.00000   0.00000   0.00000
   32DYY    0.00000   0.00000   0.00000   0.00000  -0.49483
   33DYZ    0.09530   0.00000  -0.60007   0.00000   0.00000
   34DZZ    0.00000   0.00000   0.00000   0.00000  -0.06982
              26        27        28        29        30
            0.00000   0.00000   0.00000   0.00000   0.00000
 
    1S      0.03040   0.00000  -0.00087  -0.00283   0.00000
    2S     -0.46091   0.00000   0.00108   0.36968   0.00000
    3S     -1.74175   0.00000   0.01672  -0.55382   0.00000
    4PX     0.00000   0.00000   0.00000   0.00000   0.14259
    5PY     0.00000   0.00000   0.00000   0.00000   0.00000
    6PZ    -0.15181   0.00000   0.01094  -0.29257   0.00000
    7PX     0.00000   0.00000   0.00000   0.00000   0.18029
    8PY     0.00000   0.00000   0.00000   0.00000   0.00000
    9PZ    -1.01937   0.00000   0.00828  -0.14191   0.00000
   10DXX    0.04597   0.00000  -0.57614  -0.35668   0.00000
   11DXY    0.00000  -0.65717   0.00000   0.00000   0.00000
   12DXZ    0.00000   0.00000   0.00000   0.00000   0.85761
   13DYY    0.30303   0.00000   0.57894  -0.34325   0.00000
   14DYZ    0.00000   0.00000   0.00000   0.00000   0.00000
   15DZZ   -0.34900   0.00000  -0.00280   0.69993   0.00000
   16S     -0.08875   0.00000   0.00102  -0.06933   0.00000
   17S     -0.03633   0.00000   0.00109  -0.00818   0.00000
   18S      1.80592   0.00000  -0.02294   1.38564   0.00000
   19S      3.22804   0.00000  -0.04006   1.71792   0.00000
   20PX     0.00000   0.00000   0.00000   0.00000  -0.02779
   21PY     0.00000   0.00000   0.00000   0.00000   0.00000
   22PZ    -0.03306   0.00000  -0.00133   0.10734   0.00000
   23PX     0.00000   0.00000   0.00000   0.00000   0.08660
   24PY     0.00000   0.00000   0.00000   0.00000   0.00000
   25PZ     0.15941   0.00000   0.00491  -0.54478   0.00000
   26PX     0.00000   0.00000   0.00000   0.00000  -0.31188
   27PY     0.00000   0.00000   0.00000   0.00000   0.00000
   28PZ    -0.56242   0.00000   0.01415  -0.95781   0.00000
   29DXX    0.07913   0.00000   0.68214  -0.22878   0.00000
   30DXY    0.00000   0.79247   0.00000   0.00000   0.00000
   31DXZ    0.00000   0.00000   0.00000   0.00000   0.85194
   32DYY    0.28288   0.00000  -0.67643  -0.24213   0.00000
   33DYZ    0.00000   0.00000   0.00000   0.00000   0.00000
   34DZZ   -0.36201   0.00000  -0.00571   0.47091   0.00000
              31        32        33        34
            0.00000   0.00000   0.00000   0.00000
 
    1S      0.00000  -0.08191   0.00000   0.00000
    2S      0.00000   0.41124   0.00000   0.00000
    3S      0.00000  -0.92850   0.00000   0.00000
    4PX     0.00000   0.00000   0.00000   0.00000
    5PY     0.14459   0.00000   0.00000   0.00000
    6PZ     0.00000  -0.93809   0.00000   0.00000
    7PX     0.00000   0.00000   0.00000   0.00000
    8PY     0.18305   0.00000   0.00000   0.00000
    9PZ     0.00000  -0.41860   0.00000   0.00000
   10DXX    0.00000   0.53099   0.00000   0.00000
   11DXY    0.00000   0.00000   0.00000   0.00000
   12DXZ    0.00000   0.00000   0.00000   0.00000
   13DYY    0.00000   0.53463   0.00000   0.00000
   14DYZ    0.85901   0.00000   0.00000   0.00000
   15DZZ    0.00000  -1.06562   0.00000   0.00000
   16S      0.00000  -0.00279   0.00000   0.00000
   17S      0.00000  -0.10499   0.00000   0.00000
   18S      0.00000   0.31312   0.00000   0.00000
   19S      0.00000   1.75483   0.00000   0.00000
   20PX     0.00000   0.00000   0.00000   0.00000
   21PY    -0.02861   0.00000   0.00000   0.00000
   22PZ     0.00000  -0.17837   0.00000   0.00000
   23PX     0.00000   0.00000   0.00000   0.00000
   24PY     0.08920   0.00000   0.00000   0.00000
   25PZ     0.00000   0.80837   0.00000   0.00000
   26PX     0.00000   0.00000   0.00000   0.00000
   27PY    -0.31214   0.00000   0.00000   0.00000
   28PZ     0.00000  -0.45711   0.00000   0.00000
   29DXX    0.00000  -0.46386   0.00000   0.00000
   30DXY    0.00000   0.00000   0.00000   0.00000
   31DXZ    0.00000   0.00000   0.00000   0.00000
   32DYY    0.00000  -0.46730   0.00000   0.00000
   33DYZ    0.85045   0.00000   0.00000   0.00000
   34DZZ    0.00000   0.93116   0.00000   0.00000
