
TWO-STATE MO OVERLAP INTEGRALS

      1          1                   0.999999589
      1          2                  -0.000000000
      1          3                   0.000000000
      1          4                  -0.000000000
      2          1                   0.000000000
      2          2                   0.999913289
      2          3                   0.000000000
      2          4                   0.000000000
      3          1                   0.000000000
      3          2                   0.000000000
      3          3                   0.999911304
      3          4                   0.000000000
      4          1                  -0.000000000
      4          2                   0.000000000
      4          3                   0.000000000
      4          4                   0.000000000

DIAGONAL ELEMENTS

      1          1                   0.999999589
      2          2                   0.999913289
      3          3                   0.999911304
      4          4                   0.000000000
