 
 ALPHA MO COEFFICIENTS OF THE FIRST STATE                                        
 COEFFICIENTS OF SPHERICAL MOs
               1         2         3         4         5
            2.00000   2.00000   2.00000   2.00000   1.00000
 
    1s      0.99843  -0.22783   0.00000   0.10454   0.00000
    2s      0.00480   0.49495   0.00000  -0.25197   0.00000
    3s     -0.00288  -0.35179   0.00000   0.31644   0.00000
    4py     0.00000   0.00000   0.68149   0.00000   0.00000
    5pz     0.00187   0.20527   0.00000   0.68257   0.00000
    6px     0.00000   0.00000   0.00000   0.00000   0.83234
    7py     0.00000   0.00000   0.14915   0.00000   0.00000
    8pz     0.00062   0.03174   0.00000   0.19407   0.00000
    9px     0.00000   0.00000   0.00000   0.00000   0.25041
   10d-2    0.00000   0.00000   0.00000   0.00000   0.00000
   11d-1    0.00000   0.00000  -0.05157   0.00000   0.00000
   12d 0   -0.00041  -0.01529   0.00000  -0.03680   0.00000
   13d+1    0.00000   0.00000   0.00000   0.00000  -0.03572
   14d+2    0.00028   0.00829   0.00000   0.00553   0.00000
   15s     -0.00005  -0.07780   0.09229  -0.05282   0.00000
   16s      0.00104  -0.09436   0.16477  -0.10904   0.00000
   17s      0.00048   0.00178   0.04677  -0.01846   0.00000
   18py    -0.00024   0.01832  -0.00288   0.01788   0.00000
   19pz    -0.00005  -0.01544   0.01669   0.01313   0.00000
   20px     0.00000   0.00000   0.00000   0.00000   0.02855
   21s     -0.00005  -0.07780  -0.09229  -0.05282   0.00000
   22s      0.00104  -0.09436  -0.16477  -0.10904   0.00000
   23s      0.00048   0.00178  -0.04677  -0.01846   0.00000
   24py     0.00024  -0.01832  -0.00288  -0.01788   0.00000
   25pz    -0.00005  -0.01544  -0.01669   0.01313   0.00000
   26px     0.00000   0.00000   0.00000   0.00000   0.02855
               6         7         8         9        10
            0.00000   0.00000   0.00000   0.00000   0.00000
 
    1s      0.09708   0.00000   0.00000  -0.05089   0.00000
    2s     -0.22981   0.00000   0.00000   0.08769   0.00000
    3s      0.99658   0.00000   0.00000  -1.33763   0.00000
    4py     0.00000  -0.46473  -0.09587   0.00000   0.00000
    5pz    -0.30394   0.00000   0.00000  -0.48678   0.00000
    6px     0.00000   0.00000   0.00000   0.00000  -0.74705
    7py     0.00000  -0.75243   1.44595   0.00000   0.00000
    8pz    -0.29779   0.00000   0.00000   1.69709   0.00000
    9px     0.00000   0.00000   0.00000   0.00000   1.13020
   10d-2    0.00000   0.00000   0.00000   0.00000   0.00000
   11d-1    0.00000  -0.03228  -0.00524   0.00000   0.00000
   12d 0    0.00584   0.00000   0.00000  -0.05383   0.00000
   13d+1    0.00000   0.00000   0.00000   0.00000  -0.02130
   14d+2    0.00986   0.00000   0.00000   0.05459   0.00000
   15s     -0.02927   0.05734  -0.05618  -0.01764   0.00000
   16s     -0.06034   0.13939  -0.85884   0.57904   0.00000
   17s     -0.89795   1.67961  -0.10876   0.48076   0.00000
   18py    -0.01615   0.01816   0.03693  -0.11985   0.00000
   19pz     0.02115  -0.03239  -0.03478   0.08836   0.00000
   20px     0.00000   0.00000   0.00000   0.00000  -0.04081
   21s     -0.02927  -0.05734   0.05618  -0.01764   0.00000
   22s     -0.06034  -0.13939   0.85884   0.57904   0.00000
   23s     -0.89795  -1.67961   0.10876   0.48076   0.00000
   24py     0.01615   0.01816   0.03693   0.11985   0.00000
   25pz     0.02115   0.03239   0.03478   0.08836   0.00000
   26px     0.00000   0.00000   0.00000   0.00000  -0.04081
              11        12        13        14        15
            0.00000   0.00000   0.00000   0.00000   0.00000
 
    1s     -0.06234   0.00000   0.01016   0.00000   0.00000
    2s      0.18658   0.00000  -0.09789   0.00000   0.00000
    3s     -0.26016   0.00000  -0.14821   0.00000   0.00000
    4py     0.00000   0.66160   0.00000   0.00000   0.00000
    5pz     0.46836   0.00000  -0.20948   0.00000   0.00000
    6px     0.00000   0.00000   0.00000   0.00000  -0.26479
    7py     0.00000  -1.77933   0.00000   0.00000   0.00000
    8pz     0.35201   0.00000  -0.26339   0.00000   0.00000
    9px     0.00000   0.00000   0.00000   0.00000  -0.34154
   10d-2    0.00000   0.00000   0.00000   0.38584   0.00000
   11d-1    0.00000   0.20648   0.00000   0.00000   0.00000
   12d 0    0.05530   0.00000  -0.17960   0.00000   0.00000
   13d+1    0.00000   0.00000   0.00000   0.00000  -0.39790
   14d+2   -0.15133   0.00000  -0.08072   0.00000   0.00000
   15s      0.07587  -0.08173   0.01139   0.00000   0.00000
   16s      1.11686  -0.42387  -0.09241   0.00000   0.00000
   17s     -0.59460   2.32828   0.08282   0.00000   0.00000
   18py     0.12604  -0.13344   0.38027   0.00000   0.00000
   19pz    -0.08820   0.18754   0.42854   0.00000   0.00000
   20px     0.00000   0.00000   0.00000   0.56085   0.56713
   21s      0.07587   0.08173   0.01139   0.00000   0.00000
   22s      1.11686   0.42387  -0.09241   0.00000   0.00000
   23s     -0.59460  -2.32828   0.08282   0.00000   0.00000
   24py    -0.12604  -0.13344  -0.38027   0.00000   0.00000
   25pz    -0.08820  -0.18754   0.42854   0.00000   0.00000
   26px     0.00000   0.00000   0.00000  -0.56085   0.56713
              16        17        18        19        20
            0.00000   0.00000   0.00000   0.00000   0.00000
 
    1s     -0.09770   0.00000  -0.01078   0.00000   0.00000
    2s      1.54795   0.00000   0.76540   0.00000   0.00000
    3s      3.68220   0.00000   2.05359   0.00000   0.00000
    4py     0.00000  -0.37566   0.00000  -0.01965   0.00000
    5pz    -0.32961   0.00000  -0.14818   0.00000   0.00000
    6px     0.00000   0.00000   0.00000   0.00000   0.00000
    7py     0.00000  -0.59287   0.00000  -0.56877   0.00000
    8pz    -0.91979   0.00000  -0.88031   0.00000   0.00000
    9px     0.00000   0.00000   0.00000   0.00000   0.00000
   10d-2    0.00000   0.00000   0.00000   0.00000   1.13934
   11d-1    0.00000  -0.07501   0.00000   1.01583   0.00000
   12d 0   -0.10903   0.00000   0.31589   0.00000   0.00000
   13d+1    0.00000   0.00000   0.00000   0.00000   0.00000
   14d+2    0.10883   0.00000  -1.03737   0.00000   0.00000
   15s      0.00827  -0.02258   0.04542  -0.16380   0.00000
   16s     -0.60622   0.12636  -1.11090   0.95072   0.00000
   17s     -0.91232   0.26939  -0.15098  -0.34121   0.00000
   18py     0.21435   0.55498  -0.14048   0.34622   0.00000
   19pz    -0.18465   0.76299   0.00936  -0.07111   0.00000
   20px     0.00000   0.00000   0.00000   0.00000  -0.73023
   21s      0.00827   0.02258   0.04542   0.16380   0.00000
   22s     -0.60622  -0.12636  -1.11090  -0.95072   0.00000
   23s     -0.91232  -0.26939  -0.15098   0.34121   0.00000
   24py    -0.21435   0.55498   0.14048   0.34622   0.00000
   25pz    -0.18465  -0.76299   0.00936   0.07111   0.00000
   26px     0.00000   0.00000   0.00000   0.00000   0.73023
              21        22        23        24        25
            0.00000   0.00000   0.00000   0.00000   0.00000
 
    1s      0.00000   0.01238   0.05374   0.00000   0.03305
    2s      0.00000  -0.07835  -1.05701   0.00000   0.37953
    3s      0.00000   1.46751   2.44131   0.00000  -1.01240
    4py     0.00000   0.00000   0.00000  -1.49832   0.00000
    5pz     0.00000  -0.60939  -1.23629   0.00000   0.30401
    6px    -0.27598   0.00000   0.00000   0.00000   0.00000
    7py     0.00000   0.00000   0.00000  -1.08291   0.00000
    8pz     0.00000  -0.83289  -0.58242   0.00000   0.45468
    9px    -0.46540   0.00000   0.00000   0.00000   0.00000
   10d-2    0.00000   0.00000   0.00000   0.00000   0.00000
   11d-1    0.00000   0.00000   0.00000   1.25821   0.00000
   12d 0    0.00000   1.29522  -0.12734   0.00000   0.19221
   13d+1    1.15738   0.00000   0.00000   0.00000   0.00000
   14d+2    0.00000   0.27518  -0.74595   0.00000   0.04524
   15s      0.00000   0.04748  -0.13727   0.03297  -1.14357
   16s      0.00000  -0.85930  -1.34956   1.88693   1.76139
   17s      0.00000  -0.19479  -0.45423   0.76425  -0.21112
   18py     0.00000   0.72198   0.68344  -1.23903  -0.12812
   19pz     0.00000   0.22435  -1.12556   0.93614   0.34955
   20px     0.78957   0.00000   0.00000   0.00000   0.00000
   21s      0.00000   0.04748  -0.13727  -0.03297  -1.14357
   22s      0.00000  -0.85930  -1.34956  -1.88693   1.76139
   23s      0.00000  -0.19479  -0.45423  -0.76425  -0.21112
   24py     0.00000  -0.72198  -0.68344  -1.23903   0.12812
   25pz     0.00000   0.22435  -1.12556  -0.93614   0.34955
   26px     0.78957   0.00000   0.00000   0.00000   0.00000
              26
            0.00000
 
    1s      0.00000
    2s      0.00000
    3s      0.00000
    4py    -0.19293
    5pz     0.00000
    6px     0.00000
    7py     0.14998
    8pz     0.00000
    9px     0.00000
   10d-2    0.00000
   11d-1   -0.43214
   12d 0    0.00000
   13d+1    0.00000
   14d+2    0.00000
   15s     -1.19653
   16s      1.39007
   17s     -0.66634
   18py    -0.32045
   19pz     0.05812
   20px     0.00000
   21s      1.19653
   22s     -1.39007
   23s      0.66634
   24py    -0.32045
   25pz    -0.05812
   26px     0.00000
 
 ALPHA MO COEFFICIENTS OF THE FIRST STATE                                        
 COEFFICIENTS OF CARTESIAN
               1         2         3         4         5
            2.00000   2.00000   2.00000   2.00000   1.00000
 
    1S      0.99843  -0.22783   0.00000   0.10454   0.00000
    2S      0.00480   0.49495   0.00000  -0.25197   0.00000
    3S     -0.00288  -0.35179   0.00000   0.31644   0.00000
    4PX     0.00000   0.00000   0.00000   0.00000   0.83234
    5PY     0.00000   0.00000   0.68149   0.00000   0.00000
    6PZ     0.00187   0.20527   0.00000   0.68257   0.00000
    7PX     0.00000   0.00000   0.00000   0.00000   0.25041
    8PY     0.00000   0.00000   0.14915   0.00000   0.00000
    9PZ     0.00062   0.03174   0.00000   0.19407   0.00000
   10DXX    0.00045   0.01482   0.00000   0.02319   0.00000
   11DXY    0.00000   0.00000   0.00000   0.00000   0.00000
   12DXZ    0.00000   0.00000   0.00000   0.00000  -0.03572
   13DYY   -0.00004   0.00047   0.00000   0.01361   0.00000
   14DYZ    0.00000   0.00000  -0.05157   0.00000   0.00000
   15DZZ   -0.00041  -0.01529   0.00000  -0.03680   0.00000
   16S     -0.00005  -0.07780   0.09229  -0.05282   0.00000
   17S      0.00104  -0.09436   0.16477  -0.10904   0.00000
   18S      0.00048   0.00178   0.04677  -0.01846   0.00000
   19PX     0.00000   0.00000   0.00000   0.00000   0.02855
   20PY    -0.00024   0.01832  -0.00288   0.01788   0.00000
   21PZ    -0.00005  -0.01544   0.01669   0.01313   0.00000
   22S     -0.00005  -0.07780  -0.09229  -0.05282   0.00000
   23S      0.00104  -0.09436  -0.16477  -0.10904   0.00000
   24S      0.00048   0.00178  -0.04677  -0.01846   0.00000
   25PX     0.00000   0.00000   0.00000   0.00000   0.02855
   26PY     0.00024  -0.01832  -0.00288  -0.01788   0.00000
   27PZ    -0.00005  -0.01544  -0.01669   0.01313   0.00000
               6         7         8         9        10
            0.00000   0.00000   0.00000   0.00000   0.00000
 
    1S      0.09708   0.00000   0.00000  -0.05089   0.00000
    2S     -0.22981   0.00000   0.00000   0.08769   0.00000
    3S      0.99658   0.00000   0.00000  -1.33763   0.00000
    4PX     0.00000   0.00000   0.00000   0.00000  -0.74705
    5PY     0.00000  -0.46473  -0.09587   0.00000   0.00000
    6PZ    -0.30394   0.00000   0.00000  -0.48678   0.00000
    7PX     0.00000   0.00000   0.00000   0.00000   1.13020
    8PY     0.00000  -0.75243   1.44595   0.00000   0.00000
    9PZ    -0.29779   0.00000   0.00000   1.69709   0.00000
   10DXX    0.00562   0.00000   0.00000   0.07419   0.00000
   11DXY    0.00000   0.00000   0.00000   0.00000   0.00000
   12DXZ    0.00000   0.00000   0.00000   0.00000  -0.02130
   13DYY   -0.01145   0.00000   0.00000  -0.02036   0.00000
   14DYZ    0.00000  -0.03228  -0.00524   0.00000   0.00000
   15DZZ    0.00584   0.00000   0.00000  -0.05383   0.00000
   16S     -0.02927   0.05734  -0.05618  -0.01764   0.00000
   17S     -0.06034   0.13939  -0.85884   0.57904   0.00000
   18S     -0.89795   1.67961  -0.10876   0.48076   0.00000
   19PX     0.00000   0.00000   0.00000   0.00000  -0.04081
   20PY    -0.01615   0.01816   0.03693  -0.11985   0.00000
   21PZ     0.02115  -0.03239  -0.03478   0.08836   0.00000
   22S     -0.02927  -0.05734   0.05618  -0.01764   0.00000
   23S     -0.06034  -0.13939   0.85884   0.57904   0.00000
   24S     -0.89795  -1.67961   0.10876   0.48076   0.00000
   25PX     0.00000   0.00000   0.00000   0.00000  -0.04081
   26PY     0.01615   0.01816   0.03693   0.11985   0.00000
   27PZ     0.02115   0.03239   0.03478   0.08836   0.00000
              11        12        13        14        15
            0.00000   0.00000   0.00000   0.00000   0.00000
 
    1S     -0.06234   0.00000   0.01016   0.00000   0.00000
    2S      0.18658   0.00000  -0.09789   0.00000   0.00000
    3S     -0.26016   0.00000  -0.14821   0.00000   0.00000
    4PX     0.00000   0.00000   0.00000   0.00000  -0.26479
    5PY     0.00000   0.66160   0.00000   0.00000   0.00000
    6PZ     0.46836   0.00000  -0.20948   0.00000   0.00000
    7PX     0.00000   0.00000   0.00000   0.00000  -0.34154
    8PY     0.00000  -1.77933   0.00000   0.00000   0.00000
    9PZ     0.35201   0.00000  -0.26339   0.00000   0.00000
   10DXX   -0.15871   0.00000   0.01990   0.00000   0.00000
   11DXY    0.00000   0.00000   0.00000   0.38584   0.00000
   12DXZ    0.00000   0.00000   0.00000   0.00000  -0.39790
   13DYY    0.10341   0.00000   0.15970   0.00000   0.00000
   14DYZ    0.00000   0.20648   0.00000   0.00000   0.00000
   15DZZ    0.05530   0.00000  -0.17960   0.00000   0.00000
   16S      0.07587  -0.08173   0.01139   0.00000   0.00000
   17S      1.11686  -0.42387  -0.09241   0.00000   0.00000
   18S     -0.59460   2.32828   0.08282   0.00000   0.00000
   19PX     0.00000   0.00000   0.00000   0.56085   0.56713
   20PY     0.12604  -0.13344   0.38027   0.00000   0.00000
   21PZ    -0.08820   0.18754   0.42854   0.00000   0.00000
   22S      0.07587   0.08173   0.01139   0.00000   0.00000
   23S      1.11686   0.42387  -0.09241   0.00000   0.00000
   24S     -0.59460  -2.32828   0.08282   0.00000   0.00000
   25PX     0.00000   0.00000   0.00000  -0.56085   0.56713
   26PY    -0.12604  -0.13344  -0.38027   0.00000   0.00000
   27PZ    -0.08820  -0.18754   0.42854   0.00000   0.00000
              16        17        18        19        20
            0.00000   0.00000   0.00000   0.00000   0.00000
 
    1S     -0.09770   0.00000  -0.01078   0.00000   0.00000
    2S      1.54795   0.00000   0.76540   0.00000   0.00000
    3S      3.68220   0.00000   2.05359   0.00000   0.00000
    4PX     0.00000   0.00000   0.00000   0.00000   0.00000
    5PY     0.00000  -0.37566   0.00000  -0.01965   0.00000
    6PZ    -0.32961   0.00000  -0.14818   0.00000   0.00000
    7PX     0.00000   0.00000   0.00000   0.00000   0.00000
    8PY     0.00000  -0.59287   0.00000  -0.56877   0.00000
    9PZ    -0.91979   0.00000  -0.88031   0.00000   0.00000
   10DXX    0.14876   0.00000  -1.05633   0.00000   0.00000
   11DXY    0.00000   0.00000   0.00000   0.00000   1.13934
   12DXZ    0.00000   0.00000   0.00000   0.00000   0.00000
   13DYY   -0.03973   0.00000   0.74044   0.00000   0.00000
   14DYZ    0.00000  -0.07501   0.00000   1.01583   0.00000
   15DZZ   -0.10903   0.00000   0.31589   0.00000   0.00000
   16S      0.00827  -0.02258   0.04542  -0.16380   0.00000
   17S     -0.60622   0.12636  -1.11090   0.95072   0.00000
   18S     -0.91232   0.26939  -0.15098  -0.34121   0.00000
   19PX     0.00000   0.00000   0.00000   0.00000  -0.73023
   20PY     0.21435   0.55498  -0.14048   0.34622   0.00000
   21PZ    -0.18465   0.76299   0.00936  -0.07111   0.00000
   22S      0.00827   0.02258   0.04542   0.16380   0.00000
   23S     -0.60622  -0.12636  -1.11090  -0.95072   0.00000
   24S     -0.91232  -0.26939  -0.15098   0.34121   0.00000
   25PX     0.00000   0.00000   0.00000   0.00000   0.73023
   26PY    -0.21435   0.55498   0.14048   0.34622   0.00000
   27PZ    -0.18465  -0.76299   0.00936   0.07111   0.00000
              21        22        23        24        25
            0.00000   0.00000   0.00000   0.00000   0.00000
 
    1S      0.00000   0.01238   0.05374   0.00000   0.03305
    2S      0.00000  -0.07835  -1.05701   0.00000   0.37953
    3S      0.00000   1.46751   2.44131   0.00000  -1.01240
    4PX    -0.27598   0.00000   0.00000   0.00000   0.00000
    5PY     0.00000   0.00000   0.00000  -1.49832   0.00000
    6PZ     0.00000  -0.60939  -1.23629   0.00000   0.30401
    7PX    -0.46540   0.00000   0.00000   0.00000   0.00000
    8PY     0.00000   0.00000   0.00000  -1.08291   0.00000
    9PZ     0.00000  -0.83289  -0.58242   0.00000   0.45468
   10DXX    0.00000  -0.40930  -0.58234   0.00000  -0.05693
   11DXY    0.00000   0.00000   0.00000   0.00000   0.00000
   12DXZ    1.15738   0.00000   0.00000   0.00000   0.00000
   13DYY    0.00000  -0.88592   0.70968   0.00000  -0.13528
   14DYZ    0.00000   0.00000   0.00000   1.25821   0.00000
   15DZZ    0.00000   1.29522  -0.12734   0.00000   0.19221
   16S      0.00000   0.04748  -0.13727   0.03297  -1.14357
   17S      0.00000  -0.85930  -1.34956   1.88693   1.76139
   18S      0.00000  -0.19479  -0.45423   0.76425  -0.21112
   19PX     0.78957   0.00000   0.00000   0.00000   0.00000
   20PY     0.00000   0.72198   0.68344  -1.23903  -0.12812
   21PZ     0.00000   0.22435  -1.12556   0.93614   0.34955
   22S      0.00000   0.04748  -0.13727  -0.03297  -1.14357
   23S      0.00000  -0.85930  -1.34956  -1.88693   1.76139
   24S      0.00000  -0.19479  -0.45423  -0.76425  -0.21112
   25PX     0.78957   0.00000   0.00000   0.00000   0.00000
   26PY     0.00000  -0.72198  -0.68344  -1.23903   0.12812
   27PZ     0.00000   0.22435  -1.12556  -0.93614   0.34955
              26        27
            0.00000   0.00000
 
    1S      0.00000   0.00000
    2S      0.00000   0.00000
    3S      0.00000   0.00000
    4PX     0.00000   0.00000
    5PY    -0.19293   0.00000
    6PZ     0.00000   0.00000
    7PX     0.00000   0.00000
    8PY     0.14998   0.00000
    9PZ     0.00000   0.00000
   10DXX    0.00000   0.00000
   11DXY    0.00000   0.00000
   12DXZ    0.00000   0.00000
   13DYY    0.00000   0.00000
   14DYZ   -0.43214   0.00000
   15DZZ    0.00000   0.00000
   16S     -1.19653   0.00000
   17S      1.39007   0.00000
   18S     -0.66634   0.00000
   19PX     0.00000   0.00000
   20PY    -0.32045   0.00000
   21PZ     0.05812   0.00000
   22S      1.19653   0.00000
   23S     -1.39007   0.00000
   24S      0.66634   0.00000
   25PX     0.00000   0.00000
   26PY    -0.32045   0.00000
   27PZ    -0.05812   0.00000
 
 ALPHA MO COEFFICIENTS OF THE SECOND STATE                                       
 COEFFICIENTS OF SPHERICAL MOs
               1         2         3         4         5
            2.00000   2.00000   2.00000   2.00000   1.00000
 
    1s      0.99844  -0.22796   0.00000   0.00000   0.10265
    2s      0.00446   0.49219   0.00000   0.00000  -0.26168
    3s      0.00011  -0.35809   0.00000   0.00000   0.29633
    4py     0.00000   0.00000   0.68065   0.00000   0.00000
    5pz    -0.00015   0.18660   0.00000   0.00000   0.71291
    6px     0.00000   0.00000   0.00000   0.80222   0.00000
    7py     0.00000   0.00000   0.15463   0.00000   0.00000
    8pz    -0.00003   0.03264   0.00000   0.00000   0.15980
    9px     0.00000   0.00000   0.00000   0.28536   0.00000
   10d-2    0.00000   0.00000   0.00000   0.00000   0.00000
   11d-1    0.00000   0.00000  -0.03773   0.00000   0.00000
   12d 0   -0.00002  -0.01693   0.00000   0.00000  -0.00318
   13d+1    0.00000   0.00000   0.00000  -0.01615   0.00000
   14d+2   -0.00019   0.01290   0.00000   0.00000   0.00306
   15s     -0.00001  -0.07911   0.09396   0.00000  -0.05280
   16s     -0.00074  -0.09505   0.16511   0.00000  -0.10845
   17s      0.00012   0.00083   0.04305   0.00000  -0.02114
   18py     0.00046   0.01803  -0.00364   0.00000   0.02174
   19pz    -0.00065  -0.01386   0.01688   0.00000   0.01191
   20px     0.00000   0.00000   0.00000   0.03608   0.00000
   21s     -0.00001  -0.07911  -0.09396   0.00000  -0.05280
   22s     -0.00074  -0.09505  -0.16511   0.00000  -0.10845
   23s      0.00012   0.00083  -0.04305   0.00000  -0.02114
   24py    -0.00046  -0.01803  -0.00364   0.00000  -0.02174
   25pz    -0.00065  -0.01386  -0.01688   0.00000   0.01191
   26px     0.00000   0.00000   0.00000   0.03608   0.00000
               6         7         8         9        10
            0.00000   0.00000   0.00000   0.00000   0.00000
 
    1s      0.10008   0.00000  -0.04630   0.00000   0.00000
    2s     -0.22685   0.00000   0.10787   0.00000   0.00000
    3s      1.04621   0.00000  -1.20739   0.00000   0.00000
    4py     0.00000  -0.45718   0.00000  -0.11921   0.00000
    5pz    -0.28172   0.00000  -0.48784   0.00000   0.00000
    6px     0.00000   0.00000   0.00000   0.00000  -0.77448
    7py     0.00000  -0.76687   0.00000   1.43997   0.00000
    8pz    -0.34234   0.00000   1.66764   0.00000   0.00000
    9px     0.00000   0.00000   0.00000   0.00000   1.12339
   10d-2    0.00000   0.00000   0.00000   0.00000   0.00000
   11d-1    0.00000  -0.04785   0.00000  -0.00078   0.00000
   12d 0    0.00569   0.00000  -0.06170   0.00000   0.00000
   13d+1    0.00000   0.00000   0.00000   0.00000  -0.02531
   14d+2    0.00582   0.00000   0.05900   0.00000   0.00000
   15s     -0.02752   0.05902  -0.02063  -0.05455   0.00000
   16s     -0.06926   0.14807   0.54358  -0.84741   0.00000
   17s     -0.91652   1.66875   0.44329  -0.09058   0.00000
   18py    -0.01353   0.02103  -0.11930   0.03552   0.00000
   19pz     0.02141  -0.03450   0.08393  -0.03831   0.00000
   20px     0.00000   0.00000   0.00000   0.00000  -0.04663
   21s     -0.02752  -0.05902  -0.02063   0.05455   0.00000
   22s     -0.06926  -0.14807   0.54358   0.84741   0.00000
   23s     -0.91652  -1.66875   0.44329   0.09058   0.00000
   24py     0.01353   0.02103   0.11930   0.03552   0.00000
   25pz     0.02141   0.03450   0.08393   0.03831   0.00000
   26px     0.00000   0.00000   0.00000   0.00000  -0.04663
              11        12        13        14        15
            0.00000   0.00000   0.00000   0.00000   0.00000
 
    1s     -0.06698   0.00000   0.01010   0.00000   0.00000
    2s      0.19328   0.00000  -0.08978   0.00000   0.00000
    3s     -0.28925   0.00000  -0.14477   0.00000   0.00000
    4py     0.00000   0.64954   0.00000   0.00000   0.00000
    5pz     0.45135   0.00000  -0.18250   0.00000   0.00000
    6px     0.00000   0.00000   0.00000   0.00000  -0.25853
    7py     0.00000  -1.78305   0.00000   0.00000   0.00000
    8pz     0.38213   0.00000  -0.24321   0.00000   0.00000
    9px     0.00000   0.00000   0.00000   0.00000  -0.33388
   10d-2    0.00000   0.00000   0.00000   0.38019   0.00000
   11d-1    0.00000   0.22279   0.00000   0.00000   0.00000
   12d 0    0.06366   0.00000  -0.19595   0.00000   0.00000
   13d+1    0.00000   0.00000   0.00000   0.00000  -0.40890
   14d+2   -0.14082   0.00000  -0.08407   0.00000   0.00000
   15s      0.07664  -0.08307   0.01171   0.00000   0.00000
   16s      1.12715  -0.41222  -0.06369   0.00000   0.00000
   17s     -0.58402   2.33692   0.06963   0.00000   0.00000
   18py     0.12310  -0.13471   0.37703   0.00000   0.00000
   19pz    -0.09671   0.19141   0.42183   0.00000   0.00000
   20px     0.00000   0.00000   0.00000   0.56446   0.55985
   21s      0.07664   0.08307   0.01171   0.00000   0.00000
   22s      1.12715   0.41222  -0.06369   0.00000   0.00000
   23s     -0.58402  -2.33692   0.06963   0.00000   0.00000
   24py    -0.12310  -0.13471  -0.37703   0.00000   0.00000
   25pz    -0.09671  -0.19141   0.42183   0.00000   0.00000
   26px     0.00000   0.00000   0.00000  -0.56446   0.55985
              16        17        18        19        20
            0.00000   0.00000   0.00000   0.00000   0.00000
 
    1s     -0.09468   0.00000  -0.01068   0.00000   0.00000
    2s      1.54116   0.00000   0.73141   0.00000   0.00000
    3s      3.79637   0.00000   2.01809   0.00000   0.00000
    4py     0.00000  -0.35981   0.00000  -0.09168   0.00000
    5pz    -0.32570   0.00000  -0.16204   0.00000   0.00000
    6px     0.00000   0.00000   0.00000   0.00000   0.00000
    7py     0.00000  -0.54442   0.00000  -0.62024   0.00000
    8pz    -0.98498   0.00000  -0.87830   0.00000   0.00000
    9px     0.00000   0.00000   0.00000   0.00000   0.00000
   10d-2    0.00000   0.00000   0.00000   0.00000   1.14124
   11d-1    0.00000  -0.14048   0.00000   1.03976   0.00000
   12d 0   -0.09479   0.00000   0.33790   0.00000   0.00000
   13d+1    0.00000   0.00000   0.00000   0.00000   0.00000
   14d+2    0.08039   0.00000  -1.04166   0.00000   0.00000
   15s      0.00780  -0.01686   0.04594  -0.16020   0.00000
   16s     -0.66753   0.06020  -1.11599   1.00570   0.00000
   17s     -0.93030   0.27459  -0.14136  -0.31656   0.00000
   18py     0.22585   0.54545  -0.12536   0.34717   0.00000
   19pz    -0.20363   0.75794   0.00794  -0.00973   0.00000
   20px     0.00000   0.00000   0.00000   0.00000  -0.72744
   21s      0.00780   0.01686   0.04594   0.16020   0.00000
   22s     -0.66753  -0.06020  -1.11599  -1.00570   0.00000
   23s     -0.93030  -0.27459  -0.14136   0.31656   0.00000
   24py    -0.22585   0.54545   0.12536   0.34717   0.00000
   25pz    -0.20363  -0.75794   0.00794   0.00973   0.00000
   26px     0.00000   0.00000   0.00000   0.00000   0.72744
              21        22        23        24        25
            0.00000   0.00000   0.00000   0.00000   0.00000
 
    1s      0.00000   0.01005   0.05563   0.00000   0.03286
    2s      0.00000  -0.07008  -1.08666   0.00000   0.38430
    3s      0.00000   1.34356   2.41078   0.00000  -1.01745
    4py     0.00000   0.00000   0.00000  -1.50471   0.00000
    5pz     0.00000  -0.59333  -1.24407   0.00000   0.30642
    6px    -0.29485   0.00000   0.00000   0.00000   0.00000
    7py     0.00000   0.00000   0.00000  -1.07195   0.00000
    8pz     0.00000  -0.80166  -0.58245   0.00000   0.45592
    9px    -0.46733   0.00000   0.00000   0.00000   0.00000
   10d-2    0.00000   0.00000   0.00000   0.00000   0.00000
   11d-1    0.00000   0.00000   0.00000   1.23436   0.00000
   12d 0    0.00000   1.29090  -0.09542   0.00000   0.19228
   13d+1    1.15390   0.00000   0.00000   0.00000   0.00000
   14d+2    0.00000   0.31034  -0.73086   0.00000   0.04696
   15s      0.00000   0.05040  -0.14026   0.04691  -1.14292
   16s      0.00000  -0.80715  -1.34969   1.85606   1.76626
   17s      0.00000  -0.17096  -0.44736   0.77605  -0.21090
   18py     0.00000   0.70835   0.69878  -1.24013  -0.13009
   19pz     0.00000   0.25938  -1.11592   0.94148   0.35279
   20px     0.79413   0.00000   0.00000   0.00000   0.00000
   21s      0.00000   0.05040  -0.14026  -0.04691  -1.14292
   22s      0.00000  -0.80715  -1.34969  -1.85606   1.76626
   23s      0.00000  -0.17096  -0.44736  -0.77605  -0.21090
   24py     0.00000  -0.70835  -0.69878  -1.24013   0.13009
   25pz     0.00000   0.25938  -1.11592  -0.94148   0.35279
   26px     0.79413   0.00000   0.00000   0.00000   0.00000
              26
            0.00000
 
    1s      0.00000
    2s      0.00000
    3s      0.00000
    4py    -0.20146
    5pz     0.00000
    6px     0.00000
    7py     0.14283
    8pz     0.00000
    9px     0.00000
   10d-2    0.00000
   11d-1   -0.41941
   12d 0    0.00000
   13d+1    0.00000
   14d+2    0.00000
   15s     -1.19642
   16s      1.40687
   17s     -0.66274
   18py    -0.33080
   19pz     0.06405
   20px     0.00000
   21s      1.19642
   22s     -1.40687
   23s      0.66274
   24py    -0.33080
   25pz    -0.06405
   26px     0.00000
 
 ALPHA MO COEFFICIENTS OF THE SECOND STATE                                       
 COEFFICIENTS OF CARTESIAN
               1         2         3         4         5
            2.00000   2.00000   2.00000   2.00000   1.00000
 
    1S      0.99844  -0.22796   0.00000   0.00000   0.10265
    2S      0.00446   0.49219   0.00000   0.00000  -0.26168
    3S      0.00011  -0.35809   0.00000   0.00000   0.29633
    4PX     0.00000   0.00000   0.00000   0.80222   0.00000
    5PY     0.00000   0.00000   0.68065   0.00000   0.00000
    6PZ    -0.00015   0.18660   0.00000   0.00000   0.71291
    7PX     0.00000   0.00000   0.00000   0.28536   0.00000
    8PY     0.00000   0.00000   0.15463   0.00000   0.00000
    9PZ    -0.00003   0.03264   0.00000   0.00000   0.15980
   10DXX   -0.00015   0.01964   0.00000   0.00000   0.00424
   11DXY    0.00000   0.00000   0.00000   0.00000   0.00000
   12DXZ    0.00000   0.00000   0.00000  -0.01615   0.00000
   13DYY    0.00017  -0.00270   0.00000   0.00000  -0.00106
   14DYZ    0.00000   0.00000  -0.03773   0.00000   0.00000
   15DZZ   -0.00002  -0.01693   0.00000   0.00000  -0.00318
   16S     -0.00001  -0.07911   0.09396   0.00000  -0.05280
   17S     -0.00074  -0.09505   0.16511   0.00000  -0.10845
   18S      0.00012   0.00083   0.04305   0.00000  -0.02114
   19PX     0.00000   0.00000   0.00000   0.03608   0.00000
   20PY     0.00046   0.01803  -0.00364   0.00000   0.02174
   21PZ    -0.00065  -0.01386   0.01688   0.00000   0.01191
   22S     -0.00001  -0.07911  -0.09396   0.00000  -0.05280
   23S     -0.00074  -0.09505  -0.16511   0.00000  -0.10845
   24S      0.00012   0.00083  -0.04305   0.00000  -0.02114
   25PX     0.00000   0.00000   0.00000   0.03608   0.00000
   26PY    -0.00046  -0.01803  -0.00364   0.00000  -0.02174
   27PZ    -0.00065  -0.01386  -0.01688   0.00000   0.01191
               6         7         8         9        10
            0.00000   0.00000   0.00000   0.00000   0.00000
 
    1S      0.10008   0.00000  -0.04630   0.00000   0.00000
    2S     -0.22685   0.00000   0.10787   0.00000   0.00000
    3S      1.04621   0.00000  -1.20739   0.00000   0.00000
    4PX     0.00000   0.00000   0.00000   0.00000  -0.77448
    5PY     0.00000  -0.45718   0.00000  -0.11921   0.00000
    6PZ    -0.28172   0.00000  -0.48784   0.00000   0.00000
    7PX     0.00000   0.00000   0.00000   0.00000   1.12339
    8PY     0.00000  -0.76687   0.00000   1.43997   0.00000
    9PZ    -0.34234   0.00000   1.66764   0.00000   0.00000
   10DXX    0.00219   0.00000   0.08195   0.00000   0.00000
   11DXY    0.00000   0.00000   0.00000   0.00000   0.00000
   12DXZ    0.00000   0.00000   0.00000   0.00000  -0.02531
   13DYY   -0.00788   0.00000  -0.02025   0.00000   0.00000
   14DYZ    0.00000  -0.04785   0.00000  -0.00078   0.00000
   15DZZ    0.00569   0.00000  -0.06170   0.00000   0.00000
   16S     -0.02752   0.05902  -0.02063  -0.05455   0.00000
   17S     -0.06926   0.14807   0.54358  -0.84741   0.00000
   18S     -0.91652   1.66875   0.44329  -0.09058   0.00000
   19PX     0.00000   0.00000   0.00000   0.00000  -0.04663
   20PY    -0.01353   0.02103  -0.11930   0.03552   0.00000
   21PZ     0.02141  -0.03450   0.08393  -0.03831   0.00000
   22S     -0.02752  -0.05902  -0.02063   0.05455   0.00000
   23S     -0.06926  -0.14807   0.54358   0.84741   0.00000
   24S     -0.91652  -1.66875   0.44329   0.09058   0.00000
   25PX     0.00000   0.00000   0.00000   0.00000  -0.04663
   26PY     0.01353   0.02103   0.11930   0.03552   0.00000
   27PZ     0.02141   0.03450   0.08393   0.03831   0.00000
              11        12        13        14        15
            0.00000   0.00000   0.00000   0.00000   0.00000
 
    1S     -0.06698   0.00000   0.01010   0.00000   0.00000
    2S      0.19328   0.00000  -0.08978   0.00000   0.00000
    3S     -0.28925   0.00000  -0.14477   0.00000   0.00000
    4PX     0.00000   0.00000   0.00000   0.00000  -0.25853
    5PY     0.00000   0.64954   0.00000   0.00000   0.00000
    6PZ     0.45135   0.00000  -0.18250   0.00000   0.00000
    7PX     0.00000   0.00000   0.00000   0.00000  -0.33388
    8PY     0.00000  -1.78305   0.00000   0.00000   0.00000
    9PZ     0.38213   0.00000  -0.24321   0.00000   0.00000
   10DXX   -0.15379   0.00000   0.02517   0.00000   0.00000
   11DXY    0.00000   0.00000   0.00000   0.38019   0.00000
   12DXZ    0.00000   0.00000   0.00000   0.00000  -0.40890
   13DYY    0.09013   0.00000   0.17078   0.00000   0.00000
   14DYZ    0.00000   0.22279   0.00000   0.00000   0.00000
   15DZZ    0.06366   0.00000  -0.19595   0.00000   0.00000
   16S      0.07664  -0.08307   0.01171   0.00000   0.00000
   17S      1.12715  -0.41222  -0.06369   0.00000   0.00000
   18S     -0.58402   2.33692   0.06963   0.00000   0.00000
   19PX     0.00000   0.00000   0.00000   0.56446   0.55985
   20PY     0.12310  -0.13471   0.37703   0.00000   0.00000
   21PZ    -0.09671   0.19141   0.42183   0.00000   0.00000
   22S      0.07664   0.08307   0.01171   0.00000   0.00000
   23S      1.12715   0.41222  -0.06369   0.00000   0.00000
   24S     -0.58402  -2.33692   0.06963   0.00000   0.00000
   25PX     0.00000   0.00000   0.00000  -0.56446   0.55985
   26PY    -0.12310  -0.13471  -0.37703   0.00000   0.00000
   27PZ    -0.09671  -0.19141   0.42183   0.00000   0.00000
              16        17        18        19        20
            0.00000   0.00000   0.00000   0.00000   0.00000
 
    1S     -0.09468   0.00000  -0.01068   0.00000   0.00000
    2S      1.54116   0.00000   0.73141   0.00000   0.00000
    3S      3.79637   0.00000   2.01809   0.00000   0.00000
    4PX     0.00000   0.00000   0.00000   0.00000   0.00000
    5PY     0.00000  -0.35981   0.00000  -0.09168   0.00000
    6PZ    -0.32570   0.00000  -0.16204   0.00000   0.00000
    7PX     0.00000   0.00000   0.00000   0.00000   0.00000
    8PY     0.00000  -0.54442   0.00000  -0.62024   0.00000
    9PZ    -0.98498   0.00000  -0.87830   0.00000   0.00000
   10DXX    0.11702   0.00000  -1.07106   0.00000   0.00000
   11DXY    0.00000   0.00000   0.00000   0.00000   1.14124
   12DXZ    0.00000   0.00000   0.00000   0.00000   0.00000
   13DYY   -0.02223   0.00000   0.73315   0.00000   0.00000
   14DYZ    0.00000  -0.14048   0.00000   1.03976   0.00000
   15DZZ   -0.09479   0.00000   0.33790   0.00000   0.00000
   16S      0.00780  -0.01686   0.04594  -0.16020   0.00000
   17S     -0.66753   0.06020  -1.11599   1.00570   0.00000
   18S     -0.93030   0.27459  -0.14136  -0.31656   0.00000
   19PX     0.00000   0.00000   0.00000   0.00000  -0.72744
   20PY     0.22585   0.54545  -0.12536   0.34717   0.00000
   21PZ    -0.20363   0.75794   0.00794  -0.00973   0.00000
   22S      0.00780   0.01686   0.04594   0.16020   0.00000
   23S     -0.66753  -0.06020  -1.11599  -1.00570   0.00000
   24S     -0.93030  -0.27459  -0.14136   0.31656   0.00000
   25PX     0.00000   0.00000   0.00000   0.00000   0.72744
   26PY    -0.22585   0.54545   0.12536   0.34717   0.00000
   27PZ    -0.20363  -0.75794   0.00794   0.00973   0.00000
              21        22        23        24        25
            0.00000   0.00000   0.00000   0.00000   0.00000
 
    1S      0.00000   0.01005   0.05563   0.00000   0.03286
    2S      0.00000  -0.07008  -1.08666   0.00000   0.38430
    3S      0.00000   1.34356   2.41078   0.00000  -1.01745
    4PX    -0.29485   0.00000   0.00000   0.00000   0.00000
    5PY     0.00000   0.00000   0.00000  -1.50471   0.00000
    6PZ     0.00000  -0.59333  -1.24407   0.00000   0.30642
    7PX    -0.46733   0.00000   0.00000   0.00000   0.00000
    8PY     0.00000   0.00000   0.00000  -1.07195   0.00000
    9PZ     0.00000  -0.80166  -0.58245   0.00000   0.45592
   10DXX    0.00000  -0.37669  -0.58523   0.00000  -0.05547
   11DXY    0.00000   0.00000   0.00000   0.00000   0.00000
   12DXZ    1.15390   0.00000   0.00000   0.00000   0.00000
   13DYY    0.00000  -0.91421   0.68066   0.00000  -0.13680
   14DYZ    0.00000   0.00000   0.00000   1.23436   0.00000
   15DZZ    0.00000   1.29090  -0.09542   0.00000   0.19228
   16S      0.00000   0.05040  -0.14026   0.04691  -1.14292
   17S      0.00000  -0.80715  -1.34969   1.85606   1.76626
   18S      0.00000  -0.17096  -0.44736   0.77605  -0.21090
   19PX     0.79413   0.00000   0.00000   0.00000   0.00000
   20PY     0.00000   0.70835   0.69878  -1.24013  -0.13009
   21PZ     0.00000   0.25938  -1.11592   0.94148   0.35279
   22S      0.00000   0.05040  -0.14026  -0.04691  -1.14292
   23S      0.00000  -0.80715  -1.34969  -1.85606   1.76626
   24S      0.00000  -0.17096  -0.44736  -0.77605  -0.21090
   25PX     0.79413   0.00000   0.00000   0.00000   0.00000
   26PY     0.00000  -0.70835  -0.69878  -1.24013   0.13009
   27PZ     0.00000   0.25938  -1.11592  -0.94148   0.35279
              26        27
            0.00000   0.00000
 
    1S      0.00000   0.00000
    2S      0.00000   0.00000
    3S      0.00000   0.00000
    4PX     0.00000   0.00000
    5PY    -0.20146   0.00000
    6PZ     0.00000   0.00000
    7PX     0.00000   0.00000
    8PY     0.14283   0.00000
    9PZ     0.00000   0.00000
   10DXX    0.00000   0.00000
   11DXY    0.00000   0.00000
   12DXZ    0.00000   0.00000
   13DYY    0.00000   0.00000
   14DYZ   -0.41941   0.00000
   15DZZ    0.00000   0.00000
   16S     -1.19642   0.00000
   17S      1.40687   0.00000
   18S     -0.66274   0.00000
   19PX     0.00000   0.00000
   20PY    -0.33080   0.00000
   21PZ     0.06405   0.00000
   22S      1.19642   0.00000
   23S     -1.40687   0.00000
   24S      0.66274   0.00000
   25PX     0.00000   0.00000
   26PY    -0.33080   0.00000
   27PZ    -0.06405   0.00000
